0 0
1 8
2 11
3 13
4 17
5 25
5 9
6 16
7 18
8 22
8 14
9 14
10 22
10 6
9 14
10 22
10 6
7 14
8 18
9 18
10 26
10 10
9 18
10 26
10 10
8 10
9 10
10 18
10 2
9 10
10 18
10 2
6 2
7 4
8 8
9 8
10 16
10 0
9 8
10 16
10 0
8 0
9 0
10 8
10 -8
9 0
10 8
10 -8
7 0
8 4
9 4
10 12
10 -4
9 4
10 12
10 -4
8 -4
4 9
5 17
6 24
6 10
7 12
8 16
9 16
10 24
10 8
9 16
10 24
10 8
8 8
9 8
10 16
10 0
9 8
10 16
10 0
7 8
8 12
9 12
10 20
10 4
9 12
10 20
10 4
8 4
9 4
10 12
10 -4
9 4
10 12
10 -4
5 1
6 8
7 10
8 14
9 14
10 22
10 6
9 14
10 22
10 6
8 6
9 6
10 14
10 -2
9 6
10 14
10 -2
7 6
8 10
9 10
10 18
10 2
9 10
10 18
10 2
8 2
9 2
10 10
10 -6
9 2
10 10
10 -6
6 -6
3 9
4 13
5 21
5 5
6 12
7 14
8 18
9 18
10 26
10 10
9 18
10 26
10 10
8 10
9 10
10 18
10 2
9 10
10 18
10 2
7 10
8 14
9 14
10 22
10 6
9 14
10 22
10 6
8 6
9 6
10 14
10 -2
9 6
10 14
10 -2
6 -2
4 5
5 13
6 20
7 22
7 18
8 22
8 14
9 14
10 22
10 6
9 14
10 22
10 6
6 6
7 8
8 12
9 12
10 20
10 4
9 12
10 20
10 4
8 4
9 4
10 12
10 -4
9 4
10 12
10 -4
7 4
8 8
9 8
10 16
10 0
9 8
10 16
10 0
8 0
9 0
10 8
10 -8
9 0
10 8
10 -8
5 -3
2 5
3 7
4 11
5 19
6 26
6 12
7 14
8 18
9 18
10 26
10 10
9 18
10 26
10 10
8 10
9 10
10 18
10 2
9 10
10 18
10 2
7 10
8 14
9 14
10 22
10 6
9 14
10 22
10 6
8 6
9 6
10 14
10 -2
9 6
10 14
10 -2
5 3
6 10
7 12
8 16
9 16
10 24
10 8
9 16
10 24
10 8
8 8
9 8
10 16
10 0
9 8
10 16
10 0
7 8
8 12
9 12
10 20
10 4
9 12
10 20
10 4
8 4
9 4
10 12
10 -4
9 4
10 12
10 -4
6 -4
4 3
5 11
6 18
7 20
8 24
8 16
9 16
10 24
10 8
9 16
10 24
10 8
7 16
8 20
9 20
10 28
10 12
9 20
10 28
10 12
8 12
9 12
10 20
10 4
9 12
10 20
10 4
6 4
7 6
8 10
9 10
10 18
10 2
9 10
10 18
10 2
8 2
9 2
10 10
10 -6
9 2
10 10
10 -6
7 2
8 6
9 6
10 14
10 -2
9 6
10 14
10 -2
8 -2
5 -5
3 3
4 7
5 15
6 22
6 8
7 10
8 14
9 14
10 22
10 6
9 14
10 22
10 6
8 6
9 6
10 14
10 -2
9 6
10 14
10 -2
7 6
8 10
9 10
10 18
10 2
9 10
10 18
10 2
8 2
9 2
10 10
10 -6
9 2
10 10
10 -6
5 -1
4 -1
1 -8
10
