100
5
1 2 3 4 5
3
3 5 6
2
5 6
2
5 5
15
375700 626324 541025 640353 238330 448658 64256 918954 885245 917230 855496 799497 780858 552949 324063
15
490314 8231 789331 709519 22272 4715 498156 255497 75111 196288 775024 122008 657947 516964 31173
15
513583 122244 250313 460798 669260 873686 839378 967141 653643 717125 796585 503837 733962 722811 990202
4
873768 531352 403276 396094
6
884702 536354 726722 814339 204131 955497
15
281049 22324 729130 823302 286652 392167 30941 189511 165924 717600 939830 239650 46800 875711 587903
14
392658 149252 361025 27835 71991 244143 519057 275017 368235 771134 680444 729125 105824 895872
11
726816 39401 446365 195710 257998 247548 156450 171005 953512 481581 440642
10
965837 32846 265140 869789 174266 948557 865525 639277 314584 760413
14
119550 765170 424922 446860 130340 795279 997696 730246 593445 526863 65773 566201 903146 239654
11
8764 4461 5391 2329 9677 1217 6569 6561 4821 3004 5930
9
9102 6387 5429 617 4061 8523 9224 3921 10734
8
5451 6901 3060 9696 6879 6526 3695 5331
15
331 6452 2607 9935 1212 2657 4955 4018 7317 5107 1583 7566 2668 2682 12922
3
9534 5674 13076
15
7441 4654 2510 2966 4350 4219 1615 1829 3435 735 4051 50 8958 5873 4076
5
4080 6879 9597 1211 13545
8
8509 2882 8305 7989 2630 7581 9678 10030
12
1401 3287 7797 8839 8922 5799 4434 906 2729 1015 6481 6611
3
2630 7505 5911
5
8187 2455 6507 3350 529
12
5089 8272 7947 3026 4516 4507 4201 8635 76 74 5868 111
4
3344 8992 1489 11233
2
8005 1655
15
56 7658 1626 2458 5026 8003 5911 5719 999 8370 9302 2986 567 7919 4034
12
222 9852 1671 6118 520 7763 8457 2411 1881 3191 2850 1014
6
9714 7750 4764 3941 7223 1489
12
1894 8444 8916 255 3897 5640 750 9274 9395 8491 2956 13376
13
1892 2434 5394 9424 3734 8035 7640 7860 5002 7538 4198 4478 8797
10
3323 8946 1146 4057 3553 4176 9734 2707 3832 6774
9
5188 7805 8380 5658 1097 5043 186 827 10468
5
1210 3047 1607 6357 1850
8
3361 8512 6313 9236 7210 9869 4241 15082
10
9056 4722 5273 5075 9435 8821 2710 6194 9657 2027
14
2399 5889 9589 3357 5682 2215 5837 8730 1640 6743 4716 2171 3238 5882
5
8197 4451 311 4787 8930
6
9110 8126 8240 3140 5360 2331
13
4498 3769 1848 7123 5327 3095 3701 625 8916 8811 2992 9322 2973
10
6704 9885 8592 6518 7981 1588 3441 6114 617 1448
9
8684 1174 9417 7776 6906 9751 3632 364 8756
12
486 2128 5187 8600 6130 335 7458 2546 3498 365 3239 15968
5
9832 8193 3121 8993 10617
7
3717 2211 949 8644 5898 4534 8540
5
4613 6758 3090 2766 3775
6
9962 6979 5801 3795 8094 14925
8
6859 2428 9238 1731 164 8456 885 5051
7
7715 7699 9338 7110 6541 8841 1160
13
6702 3477 3007 6220 7587 6600 2583 1675 4425 2771 6847 8425 11635
9
6771 4999 5646 8021 5233 117 3687 9070 14754
7
7426 7052 8186 7986 7777 4560 7360
13
4132 7681 4618 8309 1113 8314 8284 8787 8862 7504 2636 5013 15457
5
2 1870 5763 4566 25
14
2147 4228 7926 813 9329 7885 4023 2056 2993 5086 6813 3826 7267 10332
11
6731 8084 9030 2827 959 8590 6733 5123 6110 8305 13890
5
1259 5948 6332 3499 5947
11
3354 9698 3150 6408 241 5441 913 7590 5768 9477 7197
9
3455 5150 2616 3648 9388 3283 5272 9633 1119
12
1128 5158 72 821 8220 6924 6658 4094 8020 5631 2964 15584
9
9879 7234 6766 7940 5488 3564 5105 1270 12324
4
7871 3018 255 5514
10
2169 1436 5866 5211 715 3032 1383 3631 7925 5114
4
5834 674 7095 4063
3
6517 3502 5339
6
4380 1372 1727 7685 2289 1035
5
9542 5347 5987 1929 8527
14
4057 6805 8050 5692 6201 7114 612 1177 7388 2798 824 24 2131 1101
6
8753 5408 7945 5834 6013 5692
13
1721 4766 4631 8775 263 9072 706 5116 102 182 8900 3234 14728
14
8717 6670 4592 5974 4544 4607 5894 8671 9922 490 9967 4079 4096 9567
13
5798 3890 9371 4300 9374 3809 9241 8817 6405 1279 4191 9264 10305
7
8710 2706 3070 4794 5816 4831 13751
12
8349 3093 6587 5368 4692 9420 8665 3852 5005 5287 8579 7983
5
835 6586 2997 338 7245
3
5543 8614 13313
13
6850 1557 7244 541 6211 3320 4947 66 3278 5579 1970 7367 1884
12
2329 4490 559 6838 9962 5502 7625 6615 975 3650 9106 2747
3
8815 3351 12152
3
5690 3288 6882
3
3936 506 3738
10
6907 6345 9349 6060 8224 6919 7587 980 3037 8086
10
2356 9290 754 7920 5356 6370 2385 4665 7006 3832
13
4357 6661 6432 7221 2649 5215 9707 675 2483 7878 4609 5104 8671
8
7965 9267 7228 223 6998 9043 7021 7527
3
3596 2977 1453
7
3857 6565 3215 9523 9607 3298 5741
12
1562 3413 5306 8062 4712 6616 2223 8808 6418 6041 2075 10092
12
6323 4142 9364 6934 6571 265 1130 9874 1053 3320 1983 543
4
6630 5418 4332 7200
11
35 1344 986 6608 8618 1025 928 7479 2839 4633 15707
8
9003 8867 7529 4178 1215 6163 4473 358
10
6230 2352 4505 9333 3915 7879 496 2135 3417 2874
4
9405 8854 6056 4483
8
2237 7940 1410 6474 4740 9602 5903 3890
5
2505 8028 563 3715 6693
11
4811 8219 7503 3273 6317 6252 9644 7177 5243 1011 1374
13
2111 2018 2081 6960 6310 9510 936 2522 3798 8125 1020 1971 3089
