100
5
1 2 3 4 5
3
3 5 6
2
5 6
2
5 5
15
591625 788968 275279 809160 874434 896864 800007 666842 617315 965859 185478 864266 248966 811032 793483
15
619105 306348 466894 87647 507893 104456 839984 759886 281694 957546 633857 681479 953209 433149 151480
4
777877 652211 436832 296774
9
487827 739354 700603 446659 729040 625194 378365 295699 232165
10
479223 310228 387259 677636 213946 822869 739557 366374 954963 248803
8
124060 365951 776583 299096 344543 369262 745912 47669
8
580430 965232 132894 647961 498985 398851 680417 179607
9
371798 540810 381348 173246 230904 689869 307541 394797 77195
2
579379 271938
13
240844 285068 338991 427541 911735 8513 261581 352091 339605 602830 178684 171713 211118
11
9444 7349 3631 8158 168 3027 766 3311 7926 8438 2433
5
4072 3958 859 4278 4979
12
5944 5797 7666 196 7815 6645 8076 8379 8598 3311 7589 5170
2
8227 8642
3
9243 1697 8890
3
7538 1341 6223
14
5865 8032 8096 3599 1116 8997 923 7673 8092 4516 4532 6587 1031 8973
15
3676 8539 3944 5367 8103 9608 5677 4704 5158 8740 2085 7586 3530 2724 11793
7
2695 5810 8873 9257 4716 7680 6135
2
8621 3399
11
4650 6561 2629 8555 7136 5515 9691 4990 8317 2994 13220
11
520 7652 9999 5955 5295 4689 9188 4463 937 8251 333
13
2664 3989 8704 6657 5661 9120 2105 3373 1101 665 4898 5707 6265
15
2049 5260 9887 1845 8604 554 4066 5255 4519 2037 4691 4438 5552 9067 8845
9
4311 9682 7019 7459 2006 5831 7300 6523 10147
11
7345 5300 6888 3958 6450 7512 6526 666 6458 2439 4776
13
4721 1523 9114 654 1369 4148 957 9664 3909 5346 3654 528 4727
15
8705 1859 6990 4040 3800 2432 5328 4977 58 2273 5113 4457 816 5770 11980
3
3007 1216 3967
9
1887 72 3761 8456 7749 1363 5332 4693 13625
6
6202 1693 9698 9633 9084 7859
10
5843 5517 4987 8243 3819 45 2190 3017 3354 12429
9
7790 8554 3084 4048 3823 2265 3246 9673 5001
12
3399 7709 5819 8479 9679 5619 4684 3461 9663 8142 8726 4972
4
5476 4587 5317 4170
15
7013 276 7585 2617 1948 2595 188 1746 4541 1514 9120 847 8632 3496 7824
3
6659 8110 1453
11
4712 9391 5748 3806 377 7409 8782 7239 6332 4653 9179
15
8709 2447 7980 5751 4470 9154 57 4680 3716 3079 5489 8241 8928 2548 7875
8
5545 5201 2115 1897 5018 4369 2142 1031
9
9780 7782 4374 8414 5027 4054 1411 4894 882
12
4787 7776 9519 8749 3044 4166 7089 6923 7036 8891 2877 8755
10
7428 4193 4436 7460 1625 6873 4569 8889 344 2965
11
6711 4697 7821 6610 2809 654 8669 7886 4042 1515 12916
6
8556 992 2060 155 5061 14814
15
1960 7464 8663 6611 8359 9196 8205 385 1300 7803 3897 4455 4240 684 5966
7
7482 2839 3513 2299 8722 7008 10781
8
7206 6242 9971 5493 5567 5656 5801 8908
8
4254 8248 9311 6323 2977 7602 1687 9891
9
2506 5930 2266 1935 7853 4972 2060 9825 12825
9
9007 9753 7894 9671 2829 1886 9717 7102 3135
15
139 4010 3586 4750 7408 2519 1779 6714 1698 7740 8914 6561 5514 7619 12775
10
9090 6482 4635 7983 1548 3947 6953 3511 3653 9816
12
4847 4151 1127 7684 3861 1833 1705 9043 8456 8110 8468 10959
14
2474 9244 2596 8362 9372 1037 7602 836 8448 4890 4174 4557 6972 1269
5
1186 5254 7325 8919 8418
2
8105 9876
3
8404 2336 10740
9
7565 3739 6698 6210 9968 7614 6191 6640 377
10
4806 2566 9389 9813 3781 2636 540 3568 6584 9830
3
1603 6403 8000
5
3722 7666 9647 9742 4313
10
1201 6675 399 4890 7041 3465 1798 6640 9017 2336
9
6705 3824 643 4349 6372 2453 2611 3978 4727
5
9676 8814 9162 6364 8414
8
9208 2326 8483 8603 4497 6905 2358 1420
6
3990 9289 8267 3445 5517 4972
11
788 9379 1915 2747 7016 7976 9475 1225 7859 4133 363
6
8759 2406 2844 2707 9527 5989
9
8931 1753 5299 7590 9856 1588 4438 816 8189
15
554 2927 635 5245 6289 3963 6969 7840 894 2271 5368 5662 2544 3195 508
8
6940 7350 2851 7959 3415 3218 1239 5772
10
3288 4445 6086 1096 9916 1472 7064 2549 253 16359
5
5587 7617 6448 4155 281
7
2516 2474 9216 689 1392 9033 246
2
881 6797
10
6653 7149 3090 8546 564 1545 7659 4577 4934 13329
3
3087 5715 95
6
183 6677 3168 1680 4838 8674
7
1853 4951 8431 6145 699 2687 9280
3
1237 2104 3309
4
4438 3492 1323 5262
9
233 1518 3325 5096 1884 781 9774 9256 7237
5
8848 2657 1465 1098 10498
14
5440 4512 2512 929 6246 5248 7401 6505 2585 6533 4038 1355 1082 6876
14
4849 9764 2870 1277 3474 4659 3153 908 8456 6801 6374 5222 6031 3060
15
8971 3159 6801 6729 1398 2654 3622 5320 3476 736 217 8780 1120 8210 13265
7
8945 346 3246 8884 7861 3581 7929
10
2450 640 5420 1035 9400 1565 5275 4767 9827 6391
4
7261 4484 9293 10644
10
1335 8466 2586 8735 1256 2448 7134 747 9906 16095
8
7177 6085 1989 831 9326 2682 784 8754
14
8897 65 6200 8111 1488 2142 7489 6569 7401 8100 4238 4614 5360 14660
3
9611 2670 12261
8
7147 7804 8360 4217 2682 5596 4279 14935
8
4479 7319 7355 6677 3472 60 6196 7902
