100
5
1 2 3 4 5
3
3 5 6
2
5 6
2
5 5
15
156561 244702 904550 351875 73403 27719 903165 430777 232457 678132 955354 787036 199405 194466 644134
15
353188 666487 706749 826510 683702 791989 318336 578082 817277 201084 794506 182633 943012 881050 427573
5
895858 275845 266617 660509 498579
7
474735 225703 960835 903676 456928 861293 234225
15
875716 296458 643410 296403 334356 438816 920902 78178 663194 711363 514847 916043 515009 156031 476652
6
631787 306152 811003 958674 536207 514469
8
723825 187607 265535 892150 91510 534553 885450 297418
14
116146 807347 678276 609187 606662 553817 303586 776422 502987 847116 175926 836127 480471 177540
11
156178 471393 687616 728662 238790 227147 419296 224750 888013 274995 546392
11
370969 604647 517704 897248 83440 629107 786974 218507 985730 637866 523368
11
6215 825 2225 2064 4552 8329 6567 9702 971 8146 2758
13
3658 4415 1403 4794 8116 1574 6086 5404 1031 9105 6302 8538 7693
11
1241 1997 6282 5093 7800 6921 2626 8536 4587 2367 16068
14
5120 5952 9621 1969 5240 4211 8540 6830 5366 874 8971 5356 9376 6726
7
6297 4022 8328 7578 8574 2187 968
10
9341 2817 9928 3702 1559 9512 5898 1671 5048 9928
5
751 5610 7123 5792 7475
12
7325 783 7192 3861 4540 7070 5873 1559 4831 3653 6608 4881
8
2741 9337 6630 2530 1497 9144 6572 261
10
1080 7298 6317 3937 4917 7860 5255 3640 3446 5438
6
7986 5993 8491 1645 4171 7401
4
8287 9846 9738 8379
2
2776 8377
5
8339 2678 4812 1142 303
3
8575 7255 15656
4
7571 3062 3489 7108
14
9782 8959 7503 4407 6974 3815 4679 1156 1149 3336 6525 3297 3280 7058
7
9783 3159 5414 7604 5759 7605 10552
5
7756 1326 7471 5169 4732
5
2756 7064 8873 730 12591
4
7422 3759 6098 1935
9
9133 2850 7411 284 1301 4608 5237 9935 4303
9
6226 1763 6441 6420 9179 8106 5263 5750 8196
7
495 9017 461 5627 3145 2790 12367
4
4706 930 963 4611
13
9048 9275 7892 7668 4760 6017 7223 7784 92 2137 329 5952 7433
13
4956 4262 2181 9786 3652 707 5290 4224 1588 1828 4601 3613 15132
3
687 6105 5494
6
8646 7033 1942 8465 5998 2902
4
7875 5099 1785 3025
10
6949 8309 6127 7528 7243 2987 5288 1421 8579 5777
10
8675 6946 600 2093 7625 3746 877 9922 458 1978
9
4825 7552 3799 5847 1149 4439 3967 2110 1330
7
5492 588 4271 4944 2375 2164 871
9
3679 4036 7382 8404 3141 4032 2624 4953 9989
6
3055 9952 6315 4536 2548 11752
12
7962 1742 3838 66 6172 5728 7701 109 7965 4350 8369 10302
8
4633 3275 3513 5096 5894 1047 2952 6170
12
4905 1707 4691 4921 2111 5289 8420 9636 8668 334 4554 15462
11
2237 3214 6336 2544 8622 7583 3355 7984 2509 285 7573
2
7753 8274
9
3182 152 7039 2048 3041 7584 1062 28 3570
10
212 4961 580 5498 873 632 7644 8309 7832 9899
11
6200 5453 3680 5412 5461 4491 564 6380 4704 8250 14957
15
771 3851 7070 4684 715 3205 6027 5034 5528 264 5244 4254 5002 9276 9863
11
7032 9280 6766 4178 5805 279 588 9149 1568 918 7779
3
5414 3864 3385
8
5487 3387 9712 2261 4742 1316 3359 12236
2
4326 9528
14
7165 1891 2665 6399 5636 3246 9003 7704 954 5512 1739 211 4845 11094
5
8179 6507 4105 9967 7056
11
8526 134 1958 5930 8202 903 7220 9611 505 7932 13427
14
6788 2567 8754 1026 3423 6274 2810 5922 950 5075 1698 188 8811 2726
13
5735 4975 2000 1864 5752 3022 7342 100 4761 2261 7380 3789 8233
10
8834 3619 3532 1513 5658 5339 4947 6898 6033 14453
5
2101 7193 8706 7353 8591
8
2331 6393 2342 9540 6854 5593 7180 11923
13
6693 5130 3850 4729 1783 5991 730 54 7371 5839 5427 1399 2432
15
2140 6865 2975 2642 1439 3618 9956 2434 136 3969 5266 9445 6307 3281 7319
13
8281 236 2301 3584 7357 2359 8864 4122 2563 9740 3188 430 9614
7
5592 1204 3469 1617 3246 9189 13819
12
1671 5686 1016 4987 9341 746 7773 3566 2980 6591 1024 8973
8
1512 7624 4000 4198 2369 3781 8517 8487
15
5887 4364 7715 1998 895 5771 7652 5544 101 8863 2790 7203 6366 5861 14754
8
7304 2359 3659 9637 1580 6214 9169 1002
15
4221 6435 590 9035 8769 7739 9248 1232 8862 6604 8928 2995 5070 4683 1082
6
6425 1960 1490 7164 6206 6305
14
2194 1688 6713 7877 586 1515 8261 5797 7727 5477 6447 8776 7329 119
10
1797 5357 1728 3218 1254 2913 4574 3581 2011 3525
3
7683 873 7530
15
5400 5789 9306 377 3347 7893 7675 871 7525 2416 8003 2708 7181 6847 11404
8
4264 916 1537 9988 6327 120 9752 3310
5
7384 4835 9351 6652 13120
6
9742 1112 628 3719 4431 3300
12
5802 4044 2207 6169 5390 6762 1125 6909 8373 1401 7911 1158
14
8618 5826 9478 9635 1699 3302 5221 1726 7373 1174 4607 1737 984 9190
9
5702 2524 9299 1115 5596 4847 6436 4952 1935
6
2713 264 6863 1470 7023 3983
5
464 4715 5342 7639 6834
9
3906 7119 5848 7200 9400 4457 7289 4274 10095
9
2870 3078 732 3692 7945 7705 7657 1721 4544
5
8767 5767 6499 3328 3597
2
40 9868
15
4028 8468 2060 110 6654 7198 7520 3368 6289 7767 4221 317 2764 529 11321
13
4993 8771 3645 633 7318 5048 456 843 1775 4440 9408 972 144
5
7355 630 2904 4986 1775
