100
5
1 2 3 4 5
3
3 5 6
2
5 6
2
5 5
15
109507 507411 64197 28933 798399 795760 495138 377565 875242 594868 995565 157647 235148 529276 410540
15
624721 379965 791135 301657 878507 186020 959464 226793 973477 981141 559554 671805 627021 767970 730675
3
67807 544384 607839
7
174109 218371 343572 37324 633744 892988 558954
4
307466 254249 837967 933015
5
822471 761102 860810 239449 627738
6
815266 88268 891528 773486 184719 634375
7
222353 166848 688414 700126 494964 435948 60169
3
941921 438991 585134
6
585730 408255 128272 973602 903751 798408
9
2092 2060 4878 1630 6500 8298 7648 8160 11902
13
92 4512 8789 4446 4984 7164 8903 6855 8990 4857 7823 6151 9500
3
3617 7736 5808
15
5290 1355 8061 5995 4919 5155 1651 4626 2651 3528 142 1131 8711 4205 2793
15
5897 7726 1870 546 4710 1771 5018 7711 712 8941 8235 8469 3636 534 6267
14
5154 2090 6043 1241 2450 5893 1473 772 7039 9058 1889 6583 3788 16159
8
4488 6335 7344 5827 4722 2217 8689 3398
10
5716 5532 4999 9949 6589 9399 461 73 8922 5276
4
4064 5220 9869 15625
12
3553 2228 981 5649 9554 4342 8753 9659 434 3800 4773 16240
3
4946 2175 6957
10
8632 5534 9445 6246 1005 4923 7478 617 3278 3042
4
252 2219 2258 133
14
4590 1521 9399 1271 7952 5485 4622 4709 9316 3328 6776 8311 648 12202
5
2408 3963 1213 1693 1075
15
1403 7348 1350 5582 2573 4709 6984 5445 2491 3817 1672 8881 8128 8590 519
3
3671 6752 5175
2
6116 3753
10
4656 9906 2262 7727 8366 7989 3594 3726 3935 4667
15
1751 6178 8766 7831 8565 1913 2777 6056 6471 9662 3010 3532 8488 9305 1852
10
5129 2593 9524 7171 8789 3563 1259 8075 2526 6687
4
8541 3956 9360 9261
8
9479 6495 7823 8592 6477 2520 971 4121
10
3930 8837 9609 9164 8886 3585 6577 1547 8031 1992
10
6085 4551 3743 6334 9959 3310 3922 5395 5599 9002
3
5129 1975 5054
14
1513 18 5378 9368 6590 6357 88 9217 974 6575 6776 2371 9117 15252
15
4294 3597 3670 7795 2717 5388 45 7603 6516 2600 4501 1234 8071 5930 599
5
8832 1388 6044 1719 14023
7
2505 1326 7449 1326 1409 6413 2140
4
2740 7809 3026 6967
12
8630 9159 589 3277 7794 8872 1147 5753 3911 5639 5794 11723
5
1276 3914 5793 6094 2777
14
9958 4979 6783 1752 5954 2741 837 5754 361 4745 121 4626 9032 825
4
8527 7451 7265 8245
11
9017 7001 3270 2969 4306 4734 7560 5942 8224 9416 13253
10
2223 872 1970 6226 5308 5036 6701 1775 5388 6905
13
788 1285 6616 4085 2883 7428 9949 5106 7096 5488 6100 2134 8734
15
4287 4178 6258 705 5110 9206 7093 4226 4620 2653 7287 7969 8487 6154 835
12
6566 8662 4457 6930 663 18 7209 4252 9190 9399 6067 1496
4
5227 7823 7887 7040
7
7426 6769 4712 872 6733 1188 2202
3
4674 1005 7050
3
2042 1206 844
6
565 8288 2177 9772 4616 6652
5
7361 2347 73 969 1939
7
6304 7941 8987 394 5902 5111 6359
4
3255 8351 8825 3665
7
138 7521 8100 7054 3324 4016 6797
10
8742 192 3176 6031 360 5813 3268 930 1703 1525
13
9684 4079 4758 6108 429 1270 8229 1510 9423 7116 2149 4698 10965
3
8291 9516 1359
15
4266 6339 8016 3884 7986 7027 5433 3093 6119 2849 7401 7178 1355 2596 5682
14
8299 3005 5906 782 6492 7382 8908 5722 5162 5726 7862 2268 9545 16257
3
3474 2088 7609
6
1132 8343 2962 2616 8711 5349
3
9970 5093 7245
12
5610 177 2612 547 4457 7496 7024 358 637 5612 6713 1747
8
5968 2893 1888 9401 159 91 2657 3653
10
1636 4441 7972 5440 138 8192 1539 1476 3792 12484
3
1550 7535 7009
3
8466 3667 12097
5
6017 4712 912 5859 4250
11
7609 415 3070 7787 2620 3785 4866 5196 6894 8653 12587
4
1202 1739 9984 9593
14
1876 3113 873 3164 9730 868 5539 1686 9464 7492 4467 7450 5865 4391
6
1157 9992 9434 1642 8069 3250
5
4916 7390 4264 1768 6677
10
4215 8168 8745 6396 2338 9398 2708 1907 2451 7338
8
83 5976 9556 2432 6032 2691 8481 2029
5
4266 4175 8657 476 8424
12
6382 8980 7145 2270 4926 7117 1281 4621 1998 2441 1597 16200
9
514 6750 5838 7203 8534 9815 3001 9032 15681
8
5964 398 1506 9479 3183 3194 423 14229
8
3402 495 4171 2916 5778 2896 1670 4436
11
5948 3549 869 2762 7649 4207 9063 2235 6598 5393 5553
4
3957 5667 966 6800
10
9608 4006 2540 1579 9953 5529 9075 7508 8692 5564
8
1307 5772 2915 7875 6237 2834 106 5394
13
2538 1025 7560 4704 5593 2604 8412 7402 734 7374 7891 3337 11274
5
2576 2595 81 4696 4666
2
8133 7962
13
1561 2390 8174 8069 8851 7780 7042 9336 3098 6112 8456 2377 16274
8
8950 1598 2586 6145 7368 4569 4029 9698
5
1089 9552 1737 3994 10306
3
7749 5175 2674
