100
5
1 2 3 4 5
3
3 5 6
2
5 6
2
5 5
15
204365 15856 225953 982078 477908 460667 184305 878479 388370 339060 131402 796244 533093 85267 442877
15
828971 295580 958663 945204 1901 570395 261813 877421 164694 72969 871424 311048 65752 834618 314067
5
99887 500700 592975 929764 67160
11
122137 930569 849224 514644 456415 162996 966955 262448 37848 17972 679568
9
340858 512581 202537 800766 439791 275885 992272 518976 495354
8
537110 135563 193105 177894 824989 406562 318560 208201
5
976073 988237 144459 570818 749837
4
948477 938321 916526 906626
11
117037 309728 364985 756947 325045 361550 193250 675159 401355 829330 531376
13
569917 550583 418698 726557 280809 290588 70432 67953 590823 3028 55120 234371 512089
9
5751 2961 9263 7869 1660 2339 4479 8124 9960
9
9831 8309 1485 7751 7699 9002 5064 3629 15684
3
6950 4810 2540
8
5737 3852 4735 900 1996 3799 1309 2995
9
8805 7361 740 8723 2392 4812 1654 7848 3835
9
5760 6241 3183 4284 7958 8988 8594 9644 10758
6
7511 75 1811 4149 1605 3199
4
1693 516 4643 5573
13
3114 2087 1414 1640 2965 4614 2123 574 6982 2851 2370 3028 1782
8
8451 4359 497 5336 1767 9867 1041 336
3
8036 2797 2747
13
3569 8234 4292 4046 6894 2739 2209 831 8228 1230 104 4110 7582
6
9438 5455 1513 5830 5444 14330
11
9768 6271 9504 8984 4239 3691 9028 6977 8560 7644 8738
5
6350 6392 6952 9340 16226
3
3825 7725 4316
4
8503 9419 685 1873
9
2738 8195 6301 1780 343 8281 6214 8334 11550
10
4751 2830 1285 6512 5050 9992 1214 3007 9586 6965
3
6951 4926 2073
3
9905 2361 12168
13
8084 6342 8798 3735 6417 2062 8384 8875 2875 2828 9460 9701 1847
12
782 3373 6071 7994 5194 4705 9907 5647 2889 6564 8594 838
4
2147 1834 1313 5817
9
5554 5191 4389 2173 2571 8259 4842 7107 7566
3
8645 5184 13701
4
8068 455 7902 985
5
2285 3439 4086 1506 3990
4
790 4273 864 4295
5
3046 1794 4202 9765 15019
5
7096 145 4052 1696 3429
7
4900 1326 8363 3520 9586 1099 6744
13
2488 1341 5982 907 5386 9395 9620 1739 3175 7940 3064 669 695
5
5124 4563 7651 214 6370
5
2371 7287 513 5074 1255
8
7212 9324 5016 858 6845 956 9008 4787
5
1674 9444 7110 9938 8058
8
2451 5101 8288 1020 1930 4058 2348 14494
7
3656 2589 5633 8576 1658 10000 4798
8
6031 9530 8818 924 5821 4637 5072 1067
3
939 9562 6239
8
8415 4506 6098 2959 4197 3944 4638 8203
11
2408 3230 3625 2034 3341 3444 9835 8827 6710 2452 7142
6
6625 2248 3069 5884 5498 6482
15
2749 8375 2116 6752 8853 4536 1748 7766 191 8130 82 5653 920 6170 2466
4
5513 822 8954 13381
3
8915 8828 175
10
4399 6569 8733 8384 1305 3599 3763 8302 8862 4422
4
4655 1941 2624 9323
14
6005 680 7856 7330 4932 1322 9570 5816 1408 2694 5187 9792 9540 3751
12
7908 2603 4249 5403 3128 2383 3133 1059 675 7121 9431 9067
10
6979 4777 1838 5384 4161 905 6003 2984 9019 14308
11
9359 6032 9725 9307 4375 2001 3479 1611 9492 8302 10969
13
3192 7186 875 1849 7273 3875 3885 959 2225 9111 4183 8939 4730
3
3642 7322 4768
13
8573 1431 7282 1499 8429 9385 992 9605 1131 2332 4143 6294 9879
11
9065 4049 7214 661 2051 9738 5589 2157 2074 4979 6875
14
5119 3391 6197 2048 4647 2030 7344 7895 7607 3578 5263 8956 8580 7905
10
4066 3250 4552 732 9713 9836 5345 2454 4012 258
8
9272 6685 7072 2920 2032 7656 6714 11983
5
4487 5993 3838 2415 383
4
1474 3261 1485 9523
9
6680 143 6604 3222 9428 6291 1123 6758 8754
15
9658 7042 6907 8083 791 6070 6863 8984 4122 5334 5445 9467 882 9655 1425
10
40 6005 4281 1393 5638 8048 8805 7116 1789 6891
3
6216 4960 2856
5
3501 3582 5476 9829 13138
10
3948 6707 7779 8697 1435 3853 6390 8844 8175 1478
3
1589 2052 3633
6
2375 2408 2849 486 9577 12161
3
9285 88 9245
7
7328 9248 9923 9472 1708 5890 8286
8
2530 1773 8415 6793 2043 2145 9596 5514
7
6887 2375 4791 1285 6414 5222 2426
11
5857 6154 8948 4746 9523 6318 368 6910 1650 3272 4668
13
7114 888 2597 1782 864 7852 6931 2640 324 693 4323 4693 6569
8
3474 2469 7940 3603 4520 6746 9196 15678
3
87 9122 1042
5
7948 6522 3836 1718 3644
14
8685 3624 8485 4339 4575 4214 8224 7098 3037 9844 8849 1835 518 11829
15
6573 6913 6643 3406 761 1332 2693 9841 1726 3027 3312 3089 7323 3714 8893
8
5557 2538 3554 9003 2935 2902 8972 4539
3
4906 7497 3683
6
1266 900 8093 6545 8745 9043
2
3940 3849
7
4493 9788 9489 8146 5727 2734 4483
