100
5
1 2 3 4 5
3
3 5 6
2
5 6
2
5 5
14
119232 786079 676512 123483 101820 705428 973844 347490 249453 405760 927072 210870 300499 156745
15
187552 120989 858225 635568 523129 889900 612643 690780 232009 639432 230274 133480 495995 89018 824355
4
622228 280936 163666 57707
7
33586 928367 456229 458736 584072 951437 576909
8
284461 388306 129912 907765 398227 635328 746028 612621
12
360857 343955 453991 75205 819671 469611 976505 715464 347733 104046 982161 867784
12
650343 684684 536629 60445 745611 881003 318180 902125 585794 277171 734561 243130
11
523122 62632 454995 164594 950652 883498 516467 436147 203178 961924 816323
2
638994 701048
7
74574 470081 773188 507334 831888 183961 262532
3
9309 6666 15959
4
7385 7159 3995 2229
7
3615 5360 1630 4075 2382 643 1801
8
6374 3620 437 4786 1617 591 7486 7397
3
8945 9792 1201
5
8697 3851 2823 4046 4848
13
1359 258 9913 8037 4966 66 3213 507 3396 7424 1475 4643 9319
7
9434 9839 5692 3129 3559 9542 12305
14
4346 1628 4110 6945 4319 9982 1264 3493 1293 4012 6041 4600 2913 9564
15
7928 6702 135 3956 2402 2437 666 3446 3114 1579 6518 4490 8314 3260 4756
7
4468 612 1059 1128 1908 5478 329
14
5086 4717 6239 7067 6188 549 5876 288 6757 2685 9092 2150 1748 12932
12
1311 3700 6235 8868 9305 3272 716 3934 5799 1193 8028 6597
4
5639 5443 9709 9897
9
1029 4373 7538 9744 835 2250 1649 8595 537
4
9291 2621 2664 9246
13
1613 4061 9631 7189 2045 3473 8698 1347 5676 4256 4773 7404 5642
12
8209 3238 5566 2751 2904 7932 4130 6065 9484 6493 4711 4023
9
2634 5815 8482 7435 9040 8117 1074 9099 4652
9
5177 9645 2028 3032 3328 4430 3497 7387 9834
10
3498 7376 9895 7944 2499 6219 6719 6694 4457 10285
3
22 6218 8371
3
9034 9211 177
12
5874 6783 4768 3597 9349 1383 3983 5421 3274 8485 4936 5575
14
5554 2717 1131 1299 5130 6367 3732 9292 2460 3267 6070 95 8923 2103
13
5988 9002 5524 6027 8959 2482 8751 7472 8072 548 181 8873 7603
9
2393 6549 267 1424 2847 5573 7584 3078 6955
15
6189 1739 4936 7119 2280 3559 4046 2443 2585 4684 5827 5784 953 1919 621
6
3037 2308 6643 7686 5489 7216
13
283 4556 2569 4730 5902 9270 6722 701 3615 5707 6330 483 8814
10
9244 3366 683 1615 1502 5598 6827 8418 8874 9533
12
3860 2390 2115 3129 1441 2070 5517 5419 7179 4485 7140 6467
14
8553 5120 1387 2195 6090 8312 3582 6126 5606 7123 9821 1418 115 14498
5
9630 8164 7775 5491 2615
12
4619 8073 1062 6790 4574 2132 5057 7515 9993 1698 1631 9158
10
5925 8234 979 5820 9463 7091 2187 4858 1527 674
9
3304 1624 7740 1838 7580 1676 9845 2754 9221
11
9056 5162 8054 7788 3937 7424 8792 2858 7422 9203 4165
6
9978 7351 5698 8732 9759 10252
12
4319 249 7384 6270 8 6503 9289 3892 9963 1533 1557 913
10
7053 9332 4190 2896 5742 7437 5425 8631 7648 5398
3
5404 2472 7348
6
123 7977 5073 9364 2893 9050
13
6939 3374 152 6775 9559 7434 2811 6167 4663 2318 2247 247 9974
15
377 4281 7779 6143 1935 5370 6065 3347 7052 7455 6352 4112 2872 9698 12546
8
1215 2541 2125 2268 3660 7220 1918 7155
10
10 4542 6764 3198 6040 3688 5272 8659 1398 11883
5
2063 6694 3529 8490 7660
12
9969 5452 6043 1406 790 2179 9927 6799 8891 3575 4180 10653
7
2598 6045 5796 9200 9298 3518 259
15
7616 6207 8796 4898 6659 1251 4250 3944 9511 4884 7064 8211 642 3971 13610
3
5681 3121 6656
5
8926 5962 5482 4398 3436
13
9784 9016 6056 2176 2794 161 8973 7647 6114 2139 6707 5677 15638
5
236 9284 6426 330 8980
2
5020 2696
6
2289 3849 5616 9690 4005 14455
11
7496 4944 7491 5433 1540 9314 9865 6085 3785 6770 499
13
6525 6407 9082 9936 3147 9777 1598 6098 2969 6406 2609 2338 12234
12
3480 2547 1737 8821 3738 9377 5124 3499 2596 7158 576 2416
5
7627 9919 8612 1157 7765
11
3771 1452 5169 6399 5796 5350 6354 1506 1690 8015 382
15
8603 8708 2612 570 7151 7957 3534 7946 9072 6437 3861 9742 7162 1231 6362
13
7847 2420 8671 2342 653 1741 2995 8710 6552 4459 7951 3238 2437
15
5021 4756 5054 5926 280 1966 8729 4888 640 4523 2691 9003 8440 6391 12458
7
2133 7391 5984 157 3038 900 9220
9
9306 2897 7939 2391 6587 6746 1823 1587 4347
5
9746 8040 6632 1117 8667
11
3066 1050 7859 5684 1535 1905 7029 9140 2808 2025 12345
12
3688 1762 2521 485 1901 3689 6092 3904 4500 8918 2493 11201
3
9815 8684 1979
7
2649 4458 7187 5243 4753 7181 6602
4
7237 8791 9949 6351
4
9250 110 3645 7314
9
8528 5421 3559 9075 3508 8686 4240 7281 14930
3
2550 2417 135
12
1813 9190 5565 9620 4733 5541 2135 5195 2727 2118 2664 1943
3
5513 6514 3323
14
8714 7370 8470 3022 9009 1863 5894 5920 8829 1855 6087 9111 4327 9637
4
8156 3683 4237 306
11
555 4005 826 6208 6252 9317 3531 178 5639 9000 8935
13
4422 5656 3088 4001 9685 7981 9736 9254 3830 4115 3500 7028 13316
8
5081 5626 3922 9593 3627 501 9497 2885
14
2521 7528 8756 330 4577 5465 2174 8146 8197 4050 2821 8483 4169 12643
8
7715 1240 4832 1500 6484 361 5106 8825
9
4846 8849 9954 661 2560 5844 8312 2304 8612
