0 0 0 0 0 0 0 0 0 0 0 0 0 0 0 0 0 0 0 0 0 0 0 0 0 0 0 0 0 0 0 0 0 0 0 0 0 0 0 0 0 0 0 0 0 0 0 0 0 0 0 
0 0 0 0 0 0 0 0 0 0 60 60 60 60 60 60 60 60 60 60 60 60 60 60 60 60 60 60 60 60 60 60 60 60 60 60 60 60 60 60 60 60 60 60 60 60 60 60 60 60 60 
0 0 0 0 0 0 0 0 0 0 60 60 60 60 60 60 60 60 60 60 100 100 100 100 100 100 100 100 100 100 160 160 160 160 160 160 160 160 160 160 160 160 160 160 160 160 160 160 160 160 160 
0 0 0 0 0 0 0 0 0 0 60 60 60 60 60 60 60 60 60 60 100 100 100 100 100 100 100 100 100 100 160 160 160 160 160 160 160 160 160 160 180 180 180 180 180 180 180 180 180 180 220 
0 0 0 0 0 0 0 0 0 0 60 60 60 60 60 60 60 60 60 60 100 100 100 100 100 100 100 100 100 100 160 160 160 160 160 160 160 160 160 160 180 180 180 180 180 210 210 210 210 210 220 
0 0 0 0 10 10 10 10 10 10 60 60 60 60 70 70 70 70 70 70 100 100 100 100 110 110 110 110 110 110 160 160 160 160 170 170 170 170 170 170 180 180 180 180 190 210 210 210 210 220 220 

0 0 0 0 0 0 0 0 0 0 0 0 0 0 0 0 0 0 0 0 0 0 0 0 0 0 0 0 0 0 0 0 0 0 0 0 0 0 0 0 0 0 0 0 0 0 0 0 0 0 0 
0 0 0 0 0 0 0 0 0 0 60 60 60 60 60 60 60 60 60 60 60 60 60 60 60 60 60 60 60 60 60 60 60 60 60 60 60 60 60 60 60 60 60 60 60 60 60 60 60 60 60 
0 0 0 0 0 0 0 0 0 0 60 60 60 60 60 60 60 60 60 60 100 100 100 100 100 100 100 100 100 100 160 160 160 160 160 160 160 160 160 160 160 160 160 160 160 160 160 160 160 160 160 
0 0 0 0 0 0 0 0 0 0 60 60 60 60 60 60 60 60 60 60 100 100 100 100 100 100 100 100 100 100 160 160 160 160 160 160 160 160 160 160 180 180 180 180 180 180 180 180 180 180 220 
0 0 0 0 0 0 0 0 0 0 60 60 60 60 60 60 60 60 60 60 100 100 100 100 100 100 100 100 100 100 160 160 160 160 160 160 160 160 160 160 180 180 180 180 180 210 210 210 210 210 220 
0 0 0 0 10 10 10 10 10 10 60 60 60 60 70 70 70 70 70 70 100 100 100 100 110 110 110 110 110 110 160 160 160 160 170 170 170 170 170 170 180 180 180 180 190 210 210 210 210 220 220 

0 0 0 0 0 0 
0 0 3 3 3 3 
0 2 3 5 5 5 
0 2 3 5 6 7 
0 2 3 5 6 7 
