7 15
1 2
3 4
7 1
1 7
1 1
7 1
3 3
3 4
7 1
3 5
2 1
3 4
7 1
1 7
5 1
50 16
25 26
3 8
1 10
10 10
15 10
25 20
1 50
20 20
26 20
50 1
21 10
47 4
7 17
20 31
15 25
25 25
48 15
24 25
15 20
17 4
7 17
20 29
15 5
25 24
10 33
20 24
5 10
17 4
7 17
18 31
15 5
10 24
9 10
1 5
3 6
4 4
2 4
5 2
3 4
6 1
4 6
5 5
7 3
6 7
2 4
4 3
3 4
6 1
3 4
2 5
3 3
48 9
25 10
10 14
34 2
29 20
10 15
5 25
10 10
1 48
48 1
25 9
18 2
3 2
10 8
1 10
10 15
10 8
1 15
15 11
6 2
50 4
50 1
15 20
25 10
1 25
25 10
15 11
10 10
5 10
15 6
1 5
3 10
15 11
8 10
9 8
10 5
10 10
8 3
4 2
10 1
1 5
3 5
7 1
1 7
10 1
7 1
3 4
15 10
13 3
4 10
5 11
3 10
10 6
5 10
7 9
10 2
6 10
15 1
9 5
1 2
4 3
4 6
5 5
6 3
21 8
18 3
2 19
4 3
2 1
19 1
1 19
5 15
2 19
19 4
4 3
12 1
19 1
1 19
50 40
1 50
20 20
26 20
50 1
1 10
47 4
7 17
20 31
15 15
26 25
25 26
13 28
10 18
15 10
25 25
25 26
13 28
10 41
30 21
5 25
30 21
20 24
10 21
30 15
17 20
25 26
13 28
10 19
14 35
12 25
25 26
13 28
10 40
30 21
15 25
30 21
20 20
10 20
30 15
20 20
35 7
34 2
10 20
18 18
6 19
10 15
5 25
10 10
10 15
5 4
1 10
3 8
10 1
3 8
5 5
1 10
3 8
5 4
1 10
3 8
10 1
3 8
10 1
3 8
15 21
10 6
10 6
5 10
15 1
5 5
10 6
6 8
5 11
6 5
10 6
4 8
13 3
6 10
10 6
5 8
12 2
6 7
5 6
3 9
15 1
6 5
48 20
12 12
5 20
10 35
13 3
24 8
15 10
3 28
10 26
5 19
7 37
10 22
3 38
15 1
35 14
1 10
48 1
14 29
20 25
10 30
5 31
10 7
1 5
3 4
7 4
1 7
10 1
7 1
3 4
15 10
13 3
4 8
6 10
3 8
10 6
5 9
7 7
10 2
3 8
15 1
9 7
1 4
3 6
4 5
5 5
6 3
5 1
3 3
24 4
11 4
15 10
5 13
4 6
21 4
18 3
2 19
10 3
2 19
19 4
4 3
2 1
19 1
1 19
50 14
1 50
20 20
26 2
50 1
1 10
47 4
7 15
20 31
15 3
26 25
24 13
12 19
19 19
31 19
10 14
4 4
1 10
3 8
5 6
2 8
6 5
3 5
4 4
1 10
3 8
10 1
2 9
10 1
2 9
15 9
10 6
12 3
15 1
3 5
4 4
1 10
3 8
10 6
2 9
48 10
12 12
5 20
13 30
35 14
1 15
48 1
14 24
24 25
10 30
5 31
50 10
1 50
1 26
24 27
50 1
1 10
48 3
7 8
20 22
15 3
25 26
10 5
4 4
1 10
3 4
10 1
3 8
20 11
18 3
5 10
10 5
4 14
1 10
13 4
10 11
5 16
20 1
12 4
3 15
25 20
20 6
17 6
8 13
5 10
20 1
12 4
3 5
18 3
5 10
20 1
12 4
3 5
10 10
1 25
13 13
25 1
17 9
10 10
17 9
3 3
50 30
25 26
13 28
4 19
15 18
2 25
25 26
13 28
10 40
30 21
5 25
30 21
16 20
10 20
36 15
20 20
25 26
13 28
9 29
15 10
13 20
25 26
13 28
10 40
30 21
5 25
30 21
20 20
10 20
30 15
20 26
9 15
1 2
4 3
3 4
5 5
4 5
3 7
2 6
3 7
5 5
3 3
2 2
4 5
2 7
4 2
3 5
48 1
24 25
24 15
11 4
10 10
5 19
4 6
15 9
10 10
5 10
15 6
1 5
3 10
14 11
8 10
9 15
10 5
15 10
20 15
3 2
10 8
1 10
5 15
6 2
4 11
10 10
11 10
15 6
1 5
3 8
15 6
8 10
9 10
10 5
35 25
34 2
10 20
9 15
5 25
10 23
3 20
10 8
20 10
1 15
6 20
15 11
10 10
25 11
15 6
1 35
3 10
15 11
8 10
9 15
10 5
25 11
13 8
1 10
10 20
15 10
50 30
25 26
3 28
10 10
15 10
25 25
25 26
13 28
10 40
30 21
5 25
30 21
20 20
5 20
30 15
20 20
25 26
3 28
10 10
5 17
25 20
25 26
13 28
10 40
30 21
5 25
30 21
15 20
10 26
30 17
20 23
21 8
18 3
2 19
10 3
19 3
4 13
2 11
19 3
1 13
19 4
4 3
2 18
19 1
6 13
50 5
25 10
5 25
30 21
10 25
15 20
6 3
2 5
5 1
3 4
34 7
13 7
20 15
1 10
31 4
10 15
15 20
10 15
2 4
1 1
2 1
1 2
2 1
50 10
1 25
20 25
26 21
50 1
6 36
47 4
17 8
20 31
15 3
26 25
10 5
4 5
1 10
3 7
10 1
2 9
48 5
1 48
48 1
24 15
13 25
11 20
15 4
13 3
15 1
12 4
3 5
7 7
1 2
3 4
7 1
1 7
3 2
7 1
3 4
50 6
20 16
3 18
1 10
25 26
25 10
25 25
48 5
24 25
5 20
15 34
5 24
15 10
9 4
5 5
3 7
1 4
5 5
10 6
10 1
4 7
4 3
6 5
3 7
10 1
48 10
25 10
19 14
1 48
24 25
48 1
20 23
30 15
20 10
5 20
15 30
25 6
18 8
10 4
1 15
15 11
7 14
5 20
50 5
50 1
19 31
25 13
1 25
32 10
10 5
8 3
5 5
10 1
2 8
3 7
25 10
15 11
10 16
5 14
15 6
1 5
3 17
15 11
8 3
9 15
10 5
50 10
1 50
25 26
24 27
50 1
1 15
48 3
7 8
20 22
15 3
25 26
10 5
4 3
1 10
3 5
10 1
3 8
20 5
18 3
5 10
20 1
12 4
3 5
25 7
1 15
3 4
25 1
17 9
1 11
7 17
3 3
50 5
25 26
3 8
18 24
15 17
25 25
9 4
1 2
3 3
4 4
5 5
48 1
24 25
6 3
1 4
6 1
3 3
20 5
3 12
10 8
3 1
1 15
6 12
5 5
4 2
2 3
2 3
5 1
3 3
21 7
18 3
2 19
7 3
21 1
6 15
10 12
1 21
19 10
4 13
2 14
19 1
1 19
5 15
2 8
5 14
10 5
8 12
6 10
50 7
25 10
13 27
30 21
17 25
15 29
5 15
8 30
6 3
2 5
5 2
3 4
34 7
13 17
20 15
1 10
31 4
10 23
15 20
18 3
2 4
1 1
2 1
1 2
2 1
50 10
1 50
10 20
26 25
50 1
1 14
47 4
17 28
21 29
15 31
20 25
10 5
3 7
1 10
4 7
10 1
2 9
48 5
1 48
48 1
24 25
14 25
16 20
15 4
2 3
15 1
10 4
3 5
10 7
1 5
3 4
7 1
1 7
10 1
7 1
3 4
15 10
13 3
4 8
5 10
3 8
10 6
5 9
7 7
10 2
3 8
15 1
9 5
1 2
3 3
4 4
5 5
6 3
9 2
5 1
3 3
21 4
18 3
2 19
10 3
2 19
19 4
4 3
2 1
19 1
1 19
50 10
1 50
20 20
26 2
50 1
1 10
47 4
7 15
20 31
15 3
26 25
10 5
4 4
1 10
3 8
10 1
2 9
15 4
10 6
12 3
15 1
3 5
48 10
12 12
5 20
10 30
35 14
1 10
48 1
14 24
20 25
10 30
5 31
50 10
1 50
1 26
24 27
50 1
1 10
48 3
7 8
20 22
15 3
25 26
10 5
4 4
1 10
3 4
10 1
3 8
20 5
18 3
5 10
20 1
12 4
3 5
25 7
1 15
3 4
25 1
17 9
10 10
17 9
3 3
50 5
25 26
13 28
10 10
15 10
25 25
9 4
1 2
3 3
4 4
5 5
24 9
11 4
15 10
5 13
4 6
13 2
10 8
11 10
1 15
6 2
35 5
34 2
10 20
10 15
5 25
10 10
0 0
