147
625642491 39 230197949
24035458 526621673
291119579 228071307
79339904 365171305
15203913 190079301
296382446 30010700
26018126 328045069
2811142 214558231
69327866 50028069
26977807 311258261
528706679 51972496
196952903 394465471
566373745 49453932
172103372 306345109
372672180 47064677
191507825 61378937
37443572 41001032
83808664 217058347
401595777 76437914
29226114 486153066
27197445 320000873
394918913 70651603
215657937 378501397
51802612 314750911
350232532 158601757
126132351 37138130
158839347 279364184
162194985 423103132
97098733 527632218
345809177 217370663
24150515 342164863
21144026 380236697
474044262 37606257
44823057 360843498
149354182 136281323
99720976 187242706
208755570 201169958
298109611 49697623
340000904 173397722
214834870 293788759
2 1 1
2 1
24 2 18
9 8
13 8
24 3 8
9 8
13 8
17 8
1000000000 100 775007137
23774437 380702281
811069722 93980337
131825103 686785606
329559150 277253635
444685699 44512062
609011497 298359825
26661026 387443130
851380700 100519989
156672613 650504201
421178951 335703438
863611046 6251652
641613766 282022855
138664178 281493671
132225780 827269932
359578133 573370984
590879189 222573385
92919121 19440681
478367754 425956248
654302926 315972841
191482053 601939521
264310497 111909547
442925319 146985989
519191145 451254325
38377236 835173675
433490239 412244777
736854672 139220633
473757066 47981053
395514832 200563735
713541440 141210616
336946542 617558106
293635144 269085576
162739174 563599897
281087512 527796998
352497979 594453264
301799856 76182547
255666314 742996149
827711077 37372316
27692905 924698646
823269988 599876
411716664 514897550
76871810 492574637
215931016 319761484
742394049 242788547
716271882 77870694
772736872 37769063
159596457 445998727
608317674 265714899
260170909 177730133
493600467 43021225
16827209 31948908
188106397 304465254
520983207 137560196
574884041 417115516
87643297 285058072
545366994 245285804
620239910 263473702
655569362 238782610
580770794 211218387
12180110 400428592
70885907 892091618
345972485 480661631
100447531 463638856
352108174 371157356
596977897 240319079
8474503 809843675
233458645 197193196
465024511 347714885
175504698 397387481
537926504 109963698
13691736 30038790
90892719 302501628
597751515 136255295
107511998 543395971
394507993 471318757
171159453 645199184
380291716 290143515
518790501 111297378
811558772 111579785
595852608 81812649
415199247 97702589
630258032 207150041
199977967 257746126
184040752 13159385
35679797 83502114
329951278 427399104
143883878 160866728
415085781 161296006
55264838 327321782
756772680 50836053
857475699 117263473
497690538 294685552
410025588 375363302
387149037 172945966
442561708 180376693
813772607 105196825
524807888 118518542
215824713 183752082
224246432 504600410
153284855 387006151
28173770 137046800
1000000000 1 1000000000
1 1000000000
766295722 100 630284196
367613131 296393337
223267419 118490554
186617571 77000077
143252024 589231464
84273276 298342157
294185993 3686119
393519312 357482164
433642237 314747835
473640892 44090779
372939315 11911397
241018350 283067954
70418959 172608087
174238905 508514155
741454237 12710812
30985919 409927356
71631943 81858346
86674339 163759969
279050090 331849116
33482426 145626709
3453489 289786321
89266901 374070368
152773254 563671417
151500896 416371138
1145761 685867510
51172245 597197263
135738014 43805786
292670633 418698059
333962047 284731141
292146158 294336783
206376998 265478021
446605269 92754160
518919433 114866972
456637417 34364324
70538249 653756085
209099980 338680319
475729747 54815630
290356324 214518722
439222206 66553838
154528184 234759365
80867570 11349727
95440006 602701817
360005118 324501543
260399026 88190904
289071560 29874297
257163726 175780291
178977371 450899218
190401593 177843002
18326479 698222310
4602823 549745937
310242650 275366097
329115530 12712994
194038973 170024783
174914279 42346873
459353716 41262347
712306752 30133482
67094182 333203527
229814459 166977218
515841846 209225060
28111331 90746833
616994012 49710611
359086765 227702865
315307108 204073348
147168364 152371857
603110440 11348094
680215522 56297709
399172656 123505808
140388127 414354056
546044382 161311347
332604312 122947427
473324568 12155643
437352794 251435279
163510000 174717117
186185731 507273713
425921811 220468413
33366059 117127961
102813479 236823561
171648790 344990913
524545016 135963111
326079885 254190718
494818533 262563204
259122521 419364604
125068107 400187039
273210453 153898623
335749650 576665
508232565 140050558
112327297 246737303
575980825 1924370
301963433 428964095
355468501 58787704
539638106 143992238
16305336 142565153
448646083 205689887
315253400 354418920
3173022 158107621
104508586 658761004
375261844 117442372
291306852 120348859
59988358 683344703
11716292 365865920
321341078 258899504
24 1 2
9 8
2 1 2
2 1
24 3 8
9 8
13 8
3 10
24 1 12
9 8
1000000000 100 311195224
64714555 306242198
187723170 759416139
575157011 224658058
212800152 311569612
600288363 338702141
505580201 418334129
318700959 264030912
96063142 529214771
165495630 89918033
184922952 77345782
97402665 321189300
149714681 705930625
179326493 268292989
80906707 715697394
268073968 394398068
414023139 405311020
157709097 49220523
459732965 134869848
586621485 72264590
1573603 242654536
136480481 304606940
567611076 401299649
841081614 138693288
289395889 706585019
430875071 258997756
613325375 257679988
403958825 539265223
493700048 347469273
403272748 21906273
309970962 95074773
167346350 663023745
121857886 501040369
159159576 708688854
125741678 102067348
17778173 886952800
313609619 475059349
508025481 356462812
219047519 348536012
28566953 667129433
271249378 102554760
623381425 239395350
226616338 732658684
6685743 845304092
133071102 476047893
253498843 693600916
553727681 23512443
770863706 130423501
390191873 434306802
869082436 85988365
480403412 412233104
469619578 353692897
135040567 582868084
396225414 348252348
344971422 482938514
290124432 507423239
397180489 101552193
241106241 755274936
807882123 34152498
692748840 253994957
496587923 445124245
37760644 869976373
202493456 539563038
292467093 571445330
103746112 166548020
150675318 58638212
130381534 216721945
592973753 280148878
104748720 54435604
252383885 745600190
185723745 100885253
279029568 665583770
371094683 42566047
334335862 261437259
260660037 263960614
107671157 447038859
56577482 500809892
341479434 82672812
317617729 166288823
669409325 131858429
119322408 302536358
592593410 75024695
870476588 1938965
545495454 342399638
150256746 656283469
9254539 377218833
28183605 336863053
516351564 294072917
833492480 142486789
399017734 408810266
713279600 230144477
105037106 448784356
211238164 431225846
41034460 361404995
899487787 20004452
207811110 428911921
411712621 282936783
115859281 91327101
90522946 843484460
137426357 617492114
235646874 421623058
24 3 10
9 8
13 8
3 10
1000000000 100 995209856
375182085 12624091
282157628 277164596
669429931 150180046
68365111 723665614
207496630 169177605
193345935 143692067
377712323 474944579
63041337 784698496
548569923 237828851
46447623 106379932
357668761 57576612
300049059 467423517
427570774 539845583
170933187 280669449
137940397 326029745
409226832 573008755
121937805 230422909
703611175 227318516
325466356 370722545
203488158 508915080
289522092 325656524
93828103 344084220
550567217 85109444
230467656 408263331
65588350 389372463
76043921 131017534
647686839 147390009
356088314 242245413
7312301 687479019
9643051 840624314
344553868 272711627
410730214 322526743
433573820 115996607
660031234 33139554
475778260 60968755
13447243 631409266
23171895 442330461
707354934 243634949
526408077 147623056
99498641 821439237
127438805 349194317
303877940 263322386
386279099 483297214
531291791 41837977
595115254 333161116
178234708 283816402
191071928 314246624
45313463 463743713
388420249 492380480
751534239 86968107
338016240 475493207
609758434 43090643
99371648 70791564
671879267 49042814
40596690 444659699
424439604 55235283
763135246 207559871
31297168 898312914
382259202 354139164
235416574 352223400
534936217 413644520
778737608 195773634
691921609 186044373
533540187 251891872
436930813 263970259
915571036 6085229
256262187 740352894
217029103 399497360
369625195 27092951
676078656 96194050
808302929 45496396
104431371 385404555
422173228 367179390
367056638 475436404
399121690 418798527
671579483 87534996
7073531 918668131
92469896 274488688
12685675 848226232
418498615 167982618
935014619 49676520
629847713 101665376
419317651 224063072
115994521 91048179
214058268 83889245
205028841 726678424
235422415 460454272
637585457 333176137
293091267 522101605
156335490 492692123
494110555 257833706
485892718 135444675
3051209 840524407
197520752 527128770
946332511 43422094
628342553 207605705
304979594 684808540
184968239 138691423
295847099 671014692
450933118 400181443
24 3 20
9 8
13 8
17 8
1000000000 100 425101757
215383783 632860277
435240867 422227383
11406549 510889756
418659119 368619469
101742572 859418101
362957827 390283144
863903206 17659033
509336139 488060028
212043469 286738866
51155497 854301529
108178775 324024732
37443729 64007683
114508761 213318548
283017643 709774936
240532539 547349249
64901085 724031110
149180978 242382897
130451182 194213094
137916916 576481585
54187317 422435165
424315572 127454954
247504959 375680027
97303230 77373835
295364254 153813582
201873243 447458376
261858507 217133913
669080886 135815667
602703320 229622047
403985876 26022270
130884080 259709310
490184108 106377098
608567603 189432796
345275370 514004566
276522436 29053922
869390942 110529178
211727824 13014711
24415317 554901050
426437453 388617837
25291977 705835225
548399589 246173150
21930611 26318121
407010727 216202441
453039098 190696461
381979661 518413682
420749294 374392380
43661579 295363011
62484670 591149148
664008694 10253651
620494826 125513138
13917952 616285479
630395294 203876306
34418086 719954859
411872238 180193423
108300591 171318591
121588423 33904223
239106620 243965751
259916645 344822396
204105326 317947101
75158983 412872613
228511365 165306029
458236472 475979095
246248411 627511857
155430112 842757656
490871501 381498078
256329780 555894976
549399801 3024273
390490251 306847159
700536628 41052194
48226326 760569226
306717779 276277327
596391878 69811581
332089103 470857961
532964240 107011033
298875808 543520982
237351577 297321016
924714594 38233787
303715708 558982405
291997275 142345351
380596693 362668805
830362554 153486808
303282413 539884723
195098215 47404277
163845669 779023694
212831881 580828317
244784298 622256016
364549320 158212473
585288108 277877667
476489771 203155918
638756255 346141667
808148768 3303512
264949903 125299748
198876568 404999504
415940542 370778924
333132386 93826361
40627601 680927756
661190801 263267052
14182702 558381079
86209685 64772807
559215005 57182772
164186559 695210025
24 3 2
9 8
13 8
3 10
362239870 48 229741814
106002973 233461735
230354024 116725346
66668637 293018091
37158726 173248080
56655425 268518365
291382238 51180181
87965856 26462612
105433363 168006452
16755651 135307351
7443892 40456468
26519998 1706140
152224678 47288776
51540748 216835101
152933597 77800899
30629444 130498892
133759260 209981720
20958154 127062556
151135704 112640309
73893412 42266412
106249176 64325067
288530224 55694854
100329666 101865961
249293589 38925157
144452895 17165635
156384928 121685156
89820154 74436441
51643629 287813038
167512523 63344224
73766493 101299687
667667 252535001
2817013 221313662
108150380 170279596
197496118 30323920
56589515 199258349
170772525 74890857
84171043 191163802
101459181 174565795
43770028 312679489
14687786 305430116
92941992 97633096
143532110 67152462
36959960 54544761
102657513 170914317
215681211 113513084
12841754 274137884
110701929 12419928
90214771 101839535
59246055 274006689
2 1 2
1 2
24 2 1
9 8
13 8
24 2 23
9 8
13 8
118903895 65 1503585
33291039 70589805
11911875 104437394
47168722 54367847
9672287 22992260
53860871 40351625
15864224 86554825
61932941 15447722
41265956 62402051
2208560 30895453
4835022 76138148
66390672 46152170
108184850 3399180
4994503 84080547
77925079 5465175
84702100 22633654
44285669 31829615
24713474 39248355
1057898 68753613
17957244 21686313
85432381 8456890
40219953 33564446
4899192 14584466
34426347 82327062
46942305 18274615
34887236 21956516
5737870 22764118
21353576 40839135
8425873 39512510
39062393 10249623
11819088 96223836
56361000 43619143
40861514 75215972
56965254 26219352
35897457 14819256
87364755 18982864
74522072 34832515
44656896 71222147
7828000 68137146
10067542 79094872
933516 6338191
46825300 14886266
53333663 4765017
69545545 11226177
43796046 6504830
31023993 86507641
51273860 41126377
7592959 35036512
83471029 19211873
53698402 53673090
14138897 66349644
24640690 22677545
5006024 107710274
17402120 8268563
23539410 21410064
17994247 46973804
116881247 677833
17645578 30618332
80846264 23510524
58905695 50134728
38341788 20924776
59291023 20382691
24017554 48486548
26012974 14440547
106895559 7557344
4217315 93060149
1000000000 100 653870314
161841861 562543738
211421674 308699438
357581510 543882222
735612270 133454707
90795058 567858388
516351487 280691017
458659678 539109220
56261563 292880752
499498496 429904149
65180385 850629008
99532101 340442540
121079470 630537279
133980142 102883521
547240133 113078246
589737014 270632851
481193826 156295620
504304558 158661239
269944942 26046949
621739887 1238934
180195997 15514257
548433868 284808111
173994908 137787792
48547011 481618238
528454778 84209197
546565911 112387566
317499397 552632078
226739139 569302853
330870979 163512664
519633478 218050116
26052155 712361668
1398378 804730484
18727168 543264241
138318753 732870642
54961654 852438533
667490447 98435491
675226019 83155142
731963130 162896392
359845281 22968337
530164210 119261931
368159279 310363354
392136781 26588288
39634821 697210660
568962426 316985827
414904135 323002755
63410347 712035549
636126043 295065201
316408208 575203517
280568324 14289803
342250940 544400044
329691700 83657740
266226013 603872537
443666845 90548050
335340590 65997308
403592214 491293586
280317679 416410649
214056417 695155777
298776399 168149348
428570545 311186710
812595568 43812999
129809856 837496232
477323229 473781302
170812508 770101282
192963504 676427260
270680894 570269742
163815377 690942657
121398848 539965757
434022904 502838301
183692397 659976884
38233331 16165181
89871160 647371659
94467319 651944131
137342000 802324262
562943848 83144749
95802229 270404903
335653318 152638417
203165320 687770911
223778932 373413614
286979632 157010359
140341606 699470980
95548405 808416982
130252251 810190564
265710245 658926714
324661711 467808028
445594326 264898400
546239362 208347605
62306123 334002174
343460847 541174173
802328716 123853514
328210586 260980779
481714365 11476024
245011542 626255821
59070702 272498420
560343894 417799443
6215892 937610706
625523868 186122316
734612582 121793044
337745933 662117131
743994806 100624223
693283596 97983513
271784846 547377822
24 2 16
9 8
13 8
2 1 1
1 1
24 3 13
9 8
13 8
3 10
168844006 79 76125340
28418939 87012826
13252338 143375709
100948184 3821241
25338586 51909541
42628533 59010480
123715205 12355279
4603901 152830137
6131748 8999937
25463207 23963270
39871682 20204618
68333088 55851632
45560826 37563300
52470673 13816346
92939923 59111140
130501629 34514265
44312534 52012854
76978975 38990461
68175633 53626360
3492331 80255148
5786883 119150676
98267837 16668566
48927211 82081828
34967253 80878447
57454303 31910103
164093844 1112344
35283288 60288876
55624423 107907446
98967215 57133451
115037602 6544344
59661981 95060179
55829701 96037639
1535152 124658000
95374804 42462540
61322975 99468307
54537025 51110879
101425101 30743520
171005 166557560
7361833 16404438
21248655 135672483
81114778 79052049
138179844 21662987
126174079 5290860
31684352 60990285
71569468 88796552
28679648 671104
26576349 84668510
18581904 66502508
102158336 32353095
44871736 82563950
48114267 24269774
121216196 46082532
90816203 68953107
93634107 73536713
32078382 100057324
133642365 8987197
26227050 100414856
111627438 44334309
60942811 34164512
94822567 65498220
69502338 34190423
38547440 97224251
2649508 86684995
114857481 44085078
106002826 522210
83913734 39497605
42074988 108492376
46343063 113205240
13157089 143276329
75672457 49953611
75921395 10003156
119033702 17193685
27772475 133980797
155937450 747468
107173554 51605802
42664447 106220052
102942334 27655010
5088006 10214200
1852134 40453093
65279320 63439316
24 3 7
9 8
13 8
3 10
24 3 7
9 8
13 8
17 8
24 3 12
9 8
13 8
17 8
24 2 7
9 8
13 8
24 3 23
9 8
13 8
17 8
977702972 89 605501489
306303615 495215766
83180794 300118212
566291220 397965322
47620938 355604317
26995047 872110815
390488453 195236171
547776146 139890667
397627315 474534813
934404930 28690312
53557102 764613547
142163155 716624259
124279593 796158824
202691591 731549274
563695811 248563354
247080681 34310381
8792970 385356771
50400695 571769572
68599204 687998333
10025739 268284259
755463305 58608390
495991419 421384635
111963636 212848266
316110846 407726946
142119636 423345403
61178779 303520876
248208222 76205714
474364101 49393776
82476536 226016239
375141444 19170469
416376345 52955649
72376988 142057309
629920369 180364671
144885577 355151434
68895800 83522421
375484038 177119957
512667664 136778612
344379652 208306710
650756076 59897346
393159199 403583154
727344556 157226332
337524509 118816701
36755209 723119128
375316985 580087721
334632416 166266707
75231289 168969130
108477853 317028334
533579839 71620565
109161453 397955692
39361622 311336713
175808156 745662122
263257658 209110701
893823101 32036549
1274509 632174948
230892499 408996203
726283364 141075456
668179304 160140035
157132647 609855698
42718548 679587525
514192471 461423600
161213973 215465591
281366858 577738122
472910785 420367128
691421768 285113993
586405727 367987979
169539892 262292017
565494800 390988021
555217792 290754353
500976006 113515748
360414605 22298801
206657049 81978505
524499726 416614693
846563220 18668481
232856395 688432981
330198542 288824201
140718926 174154273
538119796 204796817
524560151 170069496
112181886 789171292
469124456 207278710
586938815 4799217
86815765 607266996
205600592 280056953
380995061 119340319
346056635 51587784
42361197 672212402
590451958 344812439
159907856 384886586
79130940 411161392
410418136 262858858
2 1 2
1 1
708131550 41 338019922
14990498 80088282
274909437 351914312
400053462 248777053
61462273 596734564
236889859 179644035
322571485 36306132
72091905 267771070
347182710 242804233
334718739 122017300
128184824 254914760
112975123 490479896
101715151 487169898
48501288 249289
278468501 396410211
188027745 205792831
78512808 84108773
99896975 475009020
98170731 513698520
96878630 485912273
4996058 390654581
395333644 215101341
347228997 187651369
488909601 170530205
396232042 223174505
69065873 173855429
3643084 156855130
220579766 373250032
159057781 191913760
360423698 310108987
54881464 186500516
160219706 246011950
260237727 9675371
164023694 372870557
525708415 137026399
340695927 282795841
254338179 17825012
91610364 459709771
284097176 70147777
333507772 131155277
264797601 383752701
254370752 51487028
24 2 2
9 8
13 8
24 3 19
9 8
13 8
17 8
24 2 12
9 8
13 8
1000000000 1 1
1 1000000000
24 1 11
9 8
24 2 11
9 8
13 8
24 1 7
9 8
24 2 17
9 8
13 8
482916795 89 294823998
21329738 306302173
116040314 19937662
82103912 32920568
109158585 315008365
223541602 199740684
66641496 206167130
6503768 442754409
2722258 185570695
387099323 95760276
9421582 388543140
18438740 227891304
54039555 321244394
295291155 80575165
183447692 141840681
12769111 197910087
160774285 280464128
66560825 53182606
246409481 11153359
35276224 161637198
318088338 148433764
208398456 2170332
108672453 118846057
190673729 120935446
191746561 89009553
403516721 78418582
179546836 247853693
10492399 284861735
114459545 114708964
19463527 135828143
385402041 80187221
51507973 372318840
23526582 321022875
12940101 190391863
189838528 230410561
344413913 102073726
77932653 213838085
164431133 34094110
285019842 195983716
137008203 106170775
166809503 283968170
303563810 66413978
304367836 59476494
94503437 367811012
85426922 196442522
142963948 163409587
140582109 67658064
129937819 199518909
167513055 183990435
63820399 232269757
80047337 127885744
36783216 155609587
328781135 14461558
263147709 112462563
81725460 185770256
100187802 10037711
253677897 141822548
172388797 253481998
345984359 9383617
57214771 104645481
412705830 52241865
197449220 219413343
165386265 268860784
160226887 81985583
335703239 104797678
359183408 116269477
147406660 277798339
167343305 312009386
247034352 211114778
465838657 15076928
330043231 62540162
2374639 72001536
287562875 52632646
249725886 202061150
312619072 23899857
98959370 212183967
53693084 420396578
296658260 35850838
181506559 201614397
5063798 425896764
232140438 162578344
52222215 166359717
122604597 159540942
234954216 139658234
271227818 174374865
37635258 361853695
413554513 31122307
81130687 318476859
410269773 14049353
249735360 44000831
1000000000 100 762686111
619168349 18474386
528265809 261169685
256413043 290075642
366432453 399119554
44488442 171678016
444748377 168367235
779511411 81943121
751458670 22829927
193199690 396145053
666142070 28238534
268094350 103008527
293828280 701822335
359172265 337944671
194760434 145783487
241181136 589599172
188015504 190437320
251437439 283495034
168885611 792495359
26864111 876808223
43731947 489847320
109520535 324201930
200993401 603530044
85818007 214786008
500124120 468095408
422191156 130660994
179468030 618036807
287114656 559811802
294694463 444480901
294468927 191569759
848974951 91221974
538990324 150747349
77686977 723046070
268564582 89732167
327709071 561493190
103296406 883209247
463579952 163809229
62698282 443946424
401048928 364685906
482117343 339409146
140959899 170613641
45624237 644343559
66335056 527111335
68142092 44764118
291877320 102016789
107240740 834630052
946472016 16194343
909530775 70892361
404266574 161767477
523768272 218055078
227331288 548380579
163054829 488731307
535300551 414465856
145415137 212919647
432082086 78680937
149092011 449088363
880012559 91670768
181382565 476925911
21763916 128055549
513379457 93041425
247877092 486845648
892051366 78020480
103926821 579412005
522990254 175089400
286459300 646953585
90609873 790702339
41328972 883757300
258929346 451718822
219765455 368524127
340285319 382713605
744810043 157525342
450160339 353212029
127313145 544078009
439249657 269554544
334773163 653420006
343267551 100407127
242502115 78790649
352867147 9163971
358425587 589491099
17419215 357777841
581028832 383818113
308201041 485566842
22010070 832598235
24198119 94619751
143375465 691839219
50731560 863052800
196992493 94832274
242423334 412616055
565236674 198663818
317383369 350303769
628808524 4519503
20736353 440102877
381580780 251144400
160428001 752208709
10865988 854409106
166702648 824684391
91830548 818855589
667813066 99827527
496391061 368249729
312094321 478688999
536382820 200026262
1000000000 100 446953363
500772667 277105691
476551194 67949581
803931459 23124560
97672624 228696400
770895358 126656861
19617560 40411699
403280351 460336929
5445730 560487360
983379277 12897751
244236997 493946815
185472873 634139107
615040647 201781334
687430088 143907384
137477065 132819389
123732021 63086720
83388860 138649844
345209999 104075156
8871214 186637217
43419994 658899520
18598745 837962449
36944423 878098758
259859823 98550155
580976018 46260801
270395975 694020876
376192461 25416316
193142627 645433873
662074028 247219829
489202350 230317377
44053594 152664154
356667855 508793279
623410567 250028919
582100492 300501858
303843759 79364340
844799012 62661441
785786630 133176511
173292346 377158728
848235454 35093089
304191654 362624844
18805622 907295483
347134830 216791930
684124734 139314281
327031089 379945563
222920945 707733922
507100667 239814160
253443205 259321154
314917712 205944114
208555376 55858774
244614207 616983622
391534294 465388867
320452723 58306356
404566157 259541610
647185636 171523033
699810640 270009401
341636784 503296102
459411256 406600590
538885397 353898447
83280447 462417615
118314537 94440587
15920873 309386830
596078 507129981
102131625 257565446
243166167 420958638
5773929 258710784
539023099 286554604
268554508 614037484
30843809 288961479
507606006 387158475
1786016 575736176
240333427 446527752
484357226 441107613
385705569 491056913
217691573 204998698
658601106 143750564
71842577 605145030
132520992 662967357
115060040 97287827
174211590 18952617
200508162 334791813
525410499 334893076
657393158 124904066
274292274 715814412
195540261 746504824
192796032 603085843
78961516 822267642
702129319 200981422
479556213 217060996
70741338 275078373
587692626 173034766
172198430 133647873
210661069 323509982
700031279 244259178
706113046 74520038
632816789 365186288
609492845 172165092
139345860 262740494
367179214 425174123
495560029 12545006
208033424 154411518
417180653 332210134
175640261 783166307
24 3 2
9 8
13 8
17 8
24 1 19
9 8
24 2 14
9 8
13 8
24 3 10
9 8
13 8
17 8
24 3 3
9 8
13 8
3 10
24 1 5
9 8
289691950 52 181584920
166277908 15399413
119006758 34928536
116865464 66971314
225539743 2788914
84663680 23045040
45501906 136659553
110496550 91427991
40421616 130804426
102567713 91021363
120253273 16674141
138100570 63147164
92191618 96703317
17445860 69515363
15181562 200699688
7400703 172539192
136598118 120806230
2928813 149689025
19252009 231942714
198814578 16123483
1860823 191945289
11928896 167934117
252943728 36657007
202693346 7941659
65669406 152067101
30550991 52858306
95655058 37862485
48742235 73423727
126094295 133817607
129576862 75764834
37434874 114410602
128659246 135074104
112653996 116010794
112845565 120891233
56836016 6942427
169913095 102407376
14424709 98076464
24524471 43271923
16509684 37591989
50225014 134619781
176938014 500261
148356652 55854074
82395341 171797021
102281851 30482327
149517055 33533331
276574027 507156
269343945 1250456
142007593 26291883
62405323 141571652
12690609 64330382
1122426 46056095
40674775 148965566
197136531 30758144
24 1 15
9 8
24 1 8
9 8
24 2 9
9 8
13 8
24 1 3
9 8
24 1 20
9 8
256881913 79 116675084
149748845 66631353
184475033 22842898
17046461 4696830
10125214 213078278
10437633 47384086
3926476 212870219
41278371 43645344
38229036 130306991
129725288 119090090
129064821 102409026
147417460 26895249
194677030 12141166
191881899 62568002
52944604 179734082
137538765 16234413
123871944 88234584
99816321 103387603
150632589 68055251
168767450 36239595
61831 46682695
65366018 64836581
16856808 204031692
77785097 164440939
104826616 103257377
15993150 148664269
32706414 41041389
14263894 198932859
9230752 98111478
126342478 95430148
173021223 11211596
38885185 214581722
105614481 51538390
12081906 87249966
38883639 82079283
8339791 150259212
27047823 134779125
89052734 52012369
98492141 100956089
125954257 100429767
120012255 36716473
86791506 75638176
31936534 143392981
159790169 42778301
32652036 201568608
205336300 30195493
174938240 49200150
133323591 74815199
48583426 153194531
114204460 86706509
117002067 77358957
19353377 183469981
11467442 228534655
124887022 106581924
171214661 71483070
55481198 91403066
24012351 186475204
200212662 28096808
107918948 71513695
29141942 49287085
109424053 35974444
237071330 3307147
25485509 81285198
188623083 10156955
7886493 106867436
7740940 168587457
236147010 11035682
20175131 165433040
18066368 74219312
7546551 81816946
2559634 247726455
18114700 192273309
53425797 176081520
52607053 120469486
31644801 209377807
1845586 92977273
6332143 149042430
48034787 172671888
28871225 59611650
33435158 212958659
24 3 22
9 8
13 8
3 10
427733046 36 356461806
193155963 163363733
219170157 203107860
50834681 317640538
9720449 125824534
8212819 305637768
82699133 296246048
26536262 150475196
133134002 33474432
22340914 305965866
153078654 151189130
33115864 324123592
23100323 128736480
323566236 62181106
240700671 46871819
176322980 167474104
13126520 330088311
81480337 84334165
52767556 100193781
75745910 74296158
263489472 16005997
5837082 189412726
236986631 135852438
34411311 177757674
22124013 346628532
338221099 28965451
112169855 165000031
40941772 312610864
142697278 265850761
14144147 187481755
267560773 121272468
15742242 107051912
67094446 94026775
62827002 171690607
74688298 319198014
103760087 170040407
267211606 108721379
2 1 1
1 2
24 3 21
9 8
13 8
17 8
24 1 4
9 8
24 2 13
9 8
13 8
1000000000 100 499999900
2 999999998
2 999999998
2 999999998
2 999999998
2 999999998
2 999999998
2 999999998
2 999999998
2 999999998
2 999999998
2 999999998
2 999999998
2 999999998
2 999999998
2 999999998
2 999999998
2 999999998
2 999999998
2 999999998
2 999999998
2 999999998
2 999999998
2 999999998
2 999999998
2 999999998
2 999999998
2 999999998
2 999999998
2 999999998
2 999999998
2 999999998
2 999999998
2 999999998
2 999999998
2 999999998
2 999999998
2 999999998
2 999999998
2 999999998
2 999999998
2 999999998
2 999999998
2 999999998
2 999999998
2 999999998
2 999999998
2 999999998
2 999999998
2 999999998
2 999999998
2 999999998
2 999999998
2 999999998
2 999999998
2 999999998
2 999999998
2 999999998
2 999999998
2 999999998
2 999999998
2 999999998
2 999999998
2 999999998
2 999999998
2 999999998
2 999999998
2 999999998
2 999999998
2 999999998
2 999999998
2 999999998
2 999999998
2 999999998
2 999999998
2 999999998
2 999999998
2 999999998
2 999999998
2 999999998
2 999999998
2 999999998
2 999999998
2 999999998
2 999999998
2 999999998
2 999999998
2 999999998
2 999999998
2 999999998
2 999999998
2 999999998
2 999999998
2 999999998
2 999999998
2 999999998
2 999999998
2 999999998
2 999999998
2 999999998
2 999999998
24 1 10
9 8
507876161 33 186392433
182578551 185470933
97319042 314641339
264826760 240358678
215260839 153283159
18018842 174387671
146163780 77746848
267505776 68307855
248493204 173093844
75472599 3423877
134523184 156298469
107466232 370842759
70745250 394505115
272337182 203496156
151793162 274331740
43313204 195488465
186223639 284439056
51295330 73457970
21699731 415494424
299314388 47863453
132069937 104424036
297535966 59356526
82516767 320228853
317576783 27182657
295164296 74444720
262969966 221868966
318970444 11243206
6682515 66218938
305269904 84226244
73265260 250164795
78388845 309224296
315195050 101875509
34491850 107428271
136888518 100712984
24 3 13
9 8
13 8
17 8
24 3 20
9 8
13 8
3 10
24 3 15
9 8
13 8
3 10
24 3 12
9 8
13 8
3 10
24 3 6
9 8
13 8
17 8
24 3 14
9 8
13 8
3 10
1000000000 100 798837698
223948619 364111445
34526623 805615208
333654789 607900022
608367530 221648107
23866956 804746518
733464097 241659024
404158469 324138713
25934520 829401124
355941731 472875655
170667652 19577853
29201763 23517160
770346238 116528797
543905178 300866941
151700084 833397467
722086001 96633931
19162738 238549890
612336451 137572508
149047009 778989612
224146604 388938062
296984440 517875170
391321112 305319513
77994716 398562564
33555142 234455411
297787809 68039668
565316643 329299797
233395128 73662934
524596809 463985150
273940719 103892495
76989640 35033832
197128706 452297809
684651606 138606994
274187527 552527074
371508596 573695477
524211783 121883929
702133109 220707136
410128342 364994477
342062169 102514415
613988739 123002819
309874847 277803816
105346292 809739390
31556785 39744606
696032865 88963335
422709948 511103831
502453396 438405821
91057863 204510386
495495703 385707905
59674206 482553947
549914435 315806088
370993888 103016447
226508871 438058516
449480494 186505806
240412846 9573743
592771704 85242337
283532435 102549055
345548512 620335090
456958311 134557786
231037484 183715173
373664405 456134687
453953417 542637785
259522168 694062485
129901944 576448773
36136829 159268502
237828867 54553764
458751218 493616704
320968367 166087918
180204923 323093123
3377626 217507349
538127668 327704194
332699033 40320700
309978018 553634394
514007269 384938526
256621028 417440178
84245307 303130930
57638690 871636034
585689478 235884423
227776900 332609155
127514025 411827849
813013417 127398385
172407607 749219139
584097360 355635111
496857552 493562461
861690221 24348667
678644574 199729417
680869442 256554600
119813680 90312868
154956649 65670676
306061674 209819020
295028182 48157990
135020379 343208562
512041139 376279571
389167885 373615722
348210974 643118878
306947861 371560624
376789373 322697401
210983217 197932325
255526682 359563936
50213722 471870775
481608515 383389820
412533303 184853281
15281496 158881758
24 1 16
9 8
1000000000 100 907692851
627903584 7304959
154007930 519338252
431537472 243042335
714150176 254539494
973990135 17070025
586193106 247806894
469685224 130990735
369674559 49066160
646304838 267187900
37260648 132666581
439151176 1715089
65824723 160932417
331400523 45332364
155991161 468912574
497111298 324675769
69125368 30461456
31985218 911188368
178987079 469996073
654205215 333388444
437256469 480947614
289439853 142063662
440414007 517509701
37859665 440975711
106611123 789114731
116720695 698050167
282826221 515109842
32306505 269500665
331819563 488014494
59851690 401453878
650832964 178119911
219755970 713450377
548197486 85397590
205851066 670217364
42661703 381287347
368847483 556930968
58000215 236589778
33095767 10008079
867880146 7080700
81247476 388484495
139252969 808269686
560711192 234880507
65319089 11512899
115808809 661317726
820701451 113747877
115130861 317700205
445686170 271936058
501411273 386575352
138196684 401659648
372511356 477150118
80746939 430698914
35095102 471448372
248114848 631191973
729178092 265464848
528629147 367735621
324147214 374600456
546611320 362190895
242175293 451279854
152485383 252606797
364349945 413040700
283624299 69277991
7977129 365676940
143123041 597453203
652482391 40304864
115832060 21021452
483904189 5647846
125799547 840023369
817344227 54872715
172192015 484344374
323514829 489715991
95074740 890272031
144611215 648617826
189518479 61794869
115739671 555152954
242959190 556293771
769444787 187976788
774691805 215339025
31990511 525335288
332008461 62071486
421129850 545185881
270171231 529575084
46674839 873107557
722680824 258291149
648557459 347194596
7784753 670540076
226730307 761733886
860758237 71325735
253393624 455266981
822615055 104025479
170952675 462975738
199247285 367672003
408011290 185288421
678377257 135141378
30044145 228011402
329397956 277389609
234204573 655631385
197928853 350704454
642939543 323789414
753083355 137772973
453881770 92858649
449639139 169439006
64203442 4 12735842
22222905 19082749
24459349 16951212
48891740 633358
18181345 44207528
24 3 4
9 8
13 8
3 10
396514487 93 163573486
134618152 45282127
40578845 309476907
128046018 187099795
128924095 51785157
11431163 6155256
83105999 63090530
74459488 133518152
79945880 186776681
123804550 167872562
100968122 240032118
136377342 146131456
17646046 352771231
28682959 154082884
18821962 268494350
320781285 67364108
46837734 135761817
32306810 6841239
164162093 139346502
174720056 189769606
30588441 138697705
299300195 29544507
15603514 55923494
50787748 143509686
345400853 25126428
126724840 45696981
113207183 107672825
79772786 134771568
117622554 57551058
212597201 27163177
91907251 11578264
47078259 263588319
39215587 251383936
98642375 14188592
261549201 30318545
204317199 89865447
48293043 292350897
46885584 208944360
142310899 150032639
267600532 11341032
87850950 174089875
95217438 234603269
205455289 62051527
92627044 156586961
67955596 45777071
219321192 101755951
130011037 102120816
10026423 41450221
156853539 230048082
30315994 172094549
303349688 6504129
225814223 81406065
84639165 191215465
290470887 33153924
140152964 161184780
234351185 15052209
42829075 314355084
208739326 121927497
142195695 38457457
5010159 82252209
258830153 3206161
196155297 181852227
124483210 66206591
102760021 233397365
239616081 39299686
311410088 14404400
23465849 128832326
15181694 272870375
136070043 245254523
174940248 112849181
103136031 157703589
120898227 145394895
141301073 72623770
59959419 230413623
8718248 240225425
9740251 8088326
89523287 169748367
24744791 1641306
167587996 217861060
85855016 268005986
141966119 30602213
70157504 60221688
296318850 94959989
151733517 10553691
104577089 106105603
272265332 19425362
16629440 166817924
162148178 203243019
1233206 153525951
54809093 289703875
203782513 86638515
58750714 72119292
325402994 7723323
8713529 89143975
24 1 6
9 8
24 1 21
9 8
1000000000 100 803584959
139741500 152132320
486460532 264397143
269400815 368458681
246431494 373819472
13246067 703810492
301585785 140209389
381014970 145080847
807577712 162802125
38478801 613670246
9225023 644622888
91621452 307841408
26109576 837377701
462169132 215755129
258909681 250217246
377026194 55875471
450231724 38177023
630869972 204050557
515718901 344578047
523584740 105165949
711995810 22647180
399846326 159282108
277280288 460217368
59373084 897797416
896772893 93045661
887222847 70069680
600962502 234765398
185485573 273542894
22917163 331462672
173336820 261624395
176389545 536691276
160452399 589004989
910018860 15219265
198732237 668111023
531950703 73254722
51201210 178804726
572326450 286517859
755007188 57229221
454811147 498853409
279019875 332358463
331009880 43402963
130723515 512488502
536716619 286852157
97380974 56160384
216914778 121044121
251131868 100901805
353937420 153702957
519717112 219973305
63163400 828060635
656290721 4987982
575719625 356395224
459451481 251270516
74091724 25587968
455641627 171830165
184612948 197266791
867863444 90209287
278419632 65788188
141112098 832716269
546076395 20559688
313572645 486988707
188509804 477445046
670044115 265802506
444493777 388840396
507037443 216350423
136448343 403420415
719372669 207936408
265192942 290628957
513457018 181655202
131411978 153076824
192915892 107549147
207020369 87355163
42165201 394172923
10338334 681016486
103251587 63261065
419038849 455360388
268795243 132783091
155184946 198963015
91261867 123722369
41955762 351404950
278462868 481287406
504096112 485086371
567994607 188380724
567745977 213840548
205338302 579104402
160686261 23482127
78381815 153148421
231720175 165632145
27587997 602559884
614641811 95445995
655815826 235691595
298066322 269299029
382221514 231001598
348722899 454081339
363752479 302102613
44297977 574722372
101131435 557770254
310261670 547167241
740578995 31457127
68067111 602534896
200621036 234540473
204397832 617126376
24 3 16
9 8
13 8
3 10
1000000000 100 137202282
405339268 67438122
161002958 828185506
73963820 450894667
412800287 465134369
320073337 412564920
80078294 687617097
455379350 156965239
192885032 296396263
51021332 744408998
250394583 41374114
294419281 373671283
590067008 339434540
493072362 163017027
471776041 249340395
366670274 317426716
69908863 409919680
308227161 444296441
463368486 517790125
144730366 297740452
689474646 199042298
64364711 583436321
135446549 73747052
286057538 379158168
81087524 648536711
584397144 288261852
690930359 76412260
455833666 82053037
277832346 277487207
5188271 636669942
351959798 548667045
437218071 264285475
32763571 215894740
651925931 118511758
46657577 328761210
117053176 479882792
173827347 766681974
67010783 538844728
145560499 105905903
762051151 217402386
217040109 674886850
640672343 266814183
61466730 596686709
331902417 117162730
61717346 584273341
47944747 611054836
56175625 172190609
767926484 95446107
9664808 254470523
261250316 671895410
80031339 475622154
628917371 96151351
847496120 132515100
678556508 168362393
620715849 256662667
211402294 303381775
247945907 50972353
67365081 117948349
285268094 591422626
508542026 21335423
110875662 846419432
120504080 844674336
49235005 137120303
31030898 909841844
271945827 387404538
572701149 159839549
315365898 437045350
33138522 22150457
233449778 593879668
112058652 623011264
942494070 28453910
91312724 164547207
57617411 704421023
264834511 158495866
590989111 310698630
680905394 295105308
110713057 24285150
117976095 243835804
788388113 129241446
53975814 354703026
799139690 142574822
279813282 617591748
137824532 197630612
204473102 219699228
72959037 460946677
175972966 442506743
88791179 751304391
500807895 455679469
58506598 716292262
357305648 104559924
564718859 398128081
505317205 408282038
894128579 73638139
351514452 516239760
313125368 405491506
602244428 94863327
794542895 105547383
424015186 389452861
729160400 156690252
315604727 106528015
239015670 611854493
1000000000 100 189594602
264061212 189839881
419485187 541432092
61680558 375638078
857413774 35320336
48974912 294005382
494421426 146419215
67359590 371424459
93497901 654942626
534813265 114812960
295643163 140728051
341327466 313630848
111504565 343595488
678776201 294762986
32928888 379474224
541678953 95918311
354337028 545130166
470343829 480337185
425660888 78246247
58948376 625545597
305171040 494721510
194711772 343568752
114779857 102675455
404895776 144343652
262357983 77404602
451525575 277756036
149375011 438976240
597796170 376125338
406504522 198978830
482173818 131297421
532355413 141714911
246562362 47165977
941544687 36667397
739390510 242173240
270757041 722617180
345491098 575841453
149056719 567737306
193634308 594672380
205546460 408202677
208601176 172651411
163234417 526277206
615179443 291985421
95478794 890648910
29036620 278689945
349251286 598253634
290239367 202134342
275391901 401250299
371628669 553060838
109194942 517366375
369163254 618310320
535087139 238361433
145608617 329474710
854857770 25361090
526813361 271222681
533888245 147736825
76100731 734188601
44727905 48752991
219743727 678337291
355930379 149593542
348536209 41105156
105623467 761631811
503131023 238120729
470019819 115685669
543044924 231192950
410678521 1515111
425217492 127240211
244074912 733158999
336991806 523206060
531894046 116685934
172595111 320732452
643784277 23263885
520985772 65979919
468947439 509057282
97945414 787366420
1856181 756773085
459331879 72880143
51163242 904074800
180909834 645704476
886991460 108920927
152243959 484461162
592482933 83535546
686115629 243005066
38001293 123686906
352347835 455205924
335811239 13878031
836242755 86714318
485526725 305338443
578377527 405965188
888383099 79159950
593070966 8589009
30279103 932858542
118473818 420011453
818795321 116838145
298989191 261784412
102708755 798460315
41587621 747429293
763448993 12919616
662851855 128184919
182168762 640457446
224042032 604778588
626871593 215481601
24 3 14
9 8
13 8
17 8
24 2 19
9 8
13 8
24 2 21
9 8
13 8
1000000000 100 534725221
175953821 642186657
272765766 693533099
708461846 138859058
102612447 304271008
205602063 125114584
783380877 137801115
164206922 438400027
384748209 438645435
534898655 289010066
736916961 75744804
97530960 680458818
452622948 391802740
136547088 167151527
534721772 118347207
340953841 338324664
335380479 595954067
67613117 295665575
14537552 132688679
276506044 388056952
127088337 785015215
161867391 179287943
501293259 361378654
590006964 165297085
514494455 464175278
194912326 293783139
372918734 21751481
495585533 325864385
546324845 156399131
120923926 818566746
727777709 63504823
621112361 111281004
97583725 218492712
150554714 684229283
179887095 315102835
459703574 66599217
25986540 454726793
186765233 413516037
340520258 435951980
309664324 478855517
323058793 241888913
302541395 102435889
73868027 706568099
639937911 278347674
589049260 196351463
94168552 652669558
153337498 532901925
565340731 237424766
79147604 162889791
103168620 204035787
384067002 450114877
477219925 286496595
235755260 463474220
413728684 562324044
56166978 805924374
39081249 38774757
832025359 27863908
745646083 135096691
302209844 471338010
600812756 282468333
798869981 35096188
654977013 144432745
214769512 680378115
206996211 409517254
816924424 64455438
155370296 661490714
263981043 671840677
724018876 717816
679053139 165012136
293050727 589680738
331030301 615204424
194848140 452647004
794803902 60723665
646885362 235761191
73485449 71409967
131943690 396907516
483424041 101562714
445218392 270306994
539222778 111077871
85641605 770150631
237770505 611678487
457383184 512479852
416677062 556961402
44047727 512504634
275045356 617411691
144487577 256929208
641828842 353073906
619808559 284527879
863283535 10164253
760016682 197551137
666706742 286044204
740301038 185434504
942598732 35943766
4050831 580774053
649080561 311320328
153870630 38145036
336215641 191508603
369189111 39149304
88097329 555802447
388200106 122661197
52077630 943000898
24 2 24
9 8
13 8
24 3 4
9 8
13 8
17 8
673714107 94 3992102
259628003 328952789
77500138 504186132
39560896 622826036
414326382 99655988
208096105 168362374
574510009 31214330
148475003 176063192
455696974 33546964
532488921 138197694
61474299 605462815
392454596 183242744
222952984 270830749
64518624 337433567
13606957 366039449
531356058 23505285
61630298 430258819
263688716 132518321
86500211 514513707
621355535 13481308
357888945 224488724
133285049 65786651
397743273 214468311
87648487 64621552
153816962 180349873
204464887 290325402
52844522 129941534
447237906 157900627
122614004 533626851
11584884 574807494
323209247 39129112
85020289 464136688
182476769 422810995
471204706 103042623
533435364 50325086
2742367 493440226
96630820 42916958
2273528 386784523
85667146 241061767
27665581 187078358
117500493 30708759
213301692 380386477
155926185 281421274
454946057 39558874
127160481 108505203
183356037 179537595
146783829 506068829
44112533 328027396
253024900 389814879
64141719 547912263
482181494 92177217
310457877 307960107
284681271 319069629
361216745 151727280
46104506 73575488
220339231 76427677
231975490 112880879
495587426 85550289
84798018 173879137
364536971 113695333
23434978 78932704
347803527 67676088
280171567 107520773
263709362 52068418
59101806 301540808
81926486 371812300
113136163 391757434
135761274 26409206
273859789 129364923
369173212 228768475
147202417 206926156
61211814 561778352
67128192 20606243
131581999 257034063
290799601 139726245
266048075 165821052
176576729 362698031
406157056 25053478
19454577 213228958
138722883 379268808
434204819 222477608
296798336 52150042
4727294 138127136
159401521 158483721
407106146 156071304
195389792 26292093
447535659 37975496
481383887 109655235
59745848 24122382
334392963 78327394
155019928 285637282
91689783 529094557
12011135 149727989
190602169 157842718
426699542 71316007
24 1 14
9 8
24 3 9
9 8
13 8
3 10
24 3 23
9 8
13 8
3 10
24 3 3
9 8
13 8
17 8
501750363 69 470241497
67042700 173520739
368345715 49854020
100153100 98994992
220957009 16635341
148468046 90084986
405775927 52361265
175111243 144935281
191019333 99369690
251635975 97350944
338471799 41426354
94735431 328388462
108571201 149514812
255720595 149555966
259597295 192004360
254044143 136118364
238760902 175848531
171455706 46014663
228902536 97502108
26169842 339861403
230211883 255599265
34506524 66473940
51787682 76837861
526555 397816625
438318748 33099377
87097057 5728309
180820874 303751045
4521111 402787946
8273968 488856068
304848767 161001537
155744596 261340843
197211795 215267352
182274869 68503184
177979920 114076537
350969929 41432968
7161618 378221777
177011810 89765545
104672569 357365168
92560382 6188130
89720037 240479322
253701778 53238956
294427995 177506514
432112474 22440502
27173713 423103474
15730199 309224885
252111206 214934179
166452149 43942150
459665359 4940057
310646449 47818554
69329240 100827878
329661087 161553011
137674053 352577976
165871188 139679699
39086569 410387931
80068830 323415564
54025693 75899588
305068386 53595592
79801485 131575095
384483866 79008969
344334530 63542890
56409291 332068551
388030760 32800032
241982799 132702227
50178857 294245496
131572879 251937684
318754021 75183435
255430301 13516502
20520542 16975669
7438357 381690359
61648330 7841747
1000000000 100 814397734
166073148 415560406
384658413 579380011
53660174 710674660
568764648 49935705
150048491 342772883
609711162 334432101
507838227 341067181
172348162 512173888
169305231 651849483
160267515 782413886
411465011 414952577
360642744 255757413
290311711 372789363
405092206 179996819
500663607 437180248
85791477 638123606
592288275 92703747
324685420 201764515
777284710 131717819
324283123 159423648
716404212 44547077
282610378 291928382
71300858 803920333
701528411 125776692
827209579 61347039
666028852 77913054
94738007 476522828
34010972 402703866
84455792 523802158
32658749 703899594
84208746 582229628
131066283 642346211
744796989 163409109
207001812 144262831
473103232 481610399
90857617 475633004
223078519 583555004
462914966 487434214
157978121 445330471
113166864 136813022
486082665 18004409
711365991 189022388
217307176 607880970
125974580 327573790
386035570 364959694
3219564 556951176
247323018 331830375
30955306 100588801
220467857 304191473
704308078 188340896
164602909 207069113
71613941 867982722
143856896 568538034
232558515 381379590
157544038 141569329
275909121 559279863
397004012 303915036
238564648 626204821
413108042 290281524
136793058 490232480
751819611 223236825
206226463 617153039
318001619 521656703
340433947 327074236
682478839 191313304
290277878 534285369
134942991 807729681
561542436 144169155
209016907 251723898
423720451 105245583
765241632 58341478
482364830 133155738
714383723 98314011
402367586 195988491
62011725 769767331
202458089 366827732
3788053 207213296
403253902 137516117
50617292 209999336
483646564 287205618
54285441 83130236
702514203 282750209
937968542 23643739
456302080 202645620
83709763 504431334
737700453 159954052
82626700 331227474
115392397 156174139
234375808 566205786
547491836 7635245
230718027 594877473
484565255 349979994
1738342 436643936
226688932 382223787
166852900 317660419
390657606 207437048
28560541 33418903
495038641 314517272
95208542 109806637
55217160 266070893
24 2 8
9 8
13 8
24 1 23
9 8
24 3 19
9 8
13 8
3 10
24 3 11
9 8
13 8
3 10
24 3 1
9 8
13 8
3 10
24 1 13
9 8
1000000000 100 271307697
710856528 91094151
169758507 203570373
171572347 181125364
656642396 97688272
650355928 86336094
93499662 321675160
497946528 470459395
453777924 85459127
178341522 346621806
23281 891077060
17438498 913978060
153727891 726950640
85641590 485071276
522456701 281276091
259858894 165686316
392443991 345276164
4218145 280620815
552369103 135569047
317548928 97993882
704721021 270502992
493526413 373316201
127724865 532845899
210117342 16904808
223186925 404833553
504246141 207944736
433176490 370529217
462400153 258462538
619535908 124773486
213743532 678498010
4452622 673464769
215979110 525309100
217357264 90151838
557407696 330176622
213121490 327708180
129655996 163567916
50311194 280594118
530894855 123116583
46896735 64196890
146864730 713915056
305072405 657862408
190656868 250453894
509177779 217724935
12321024 220956247
8033213 429567045
871173906 9497228
602763563 356811542
510531267 400877836
315409148 77933631
166896911 383872808
10087339 463754070
33836822 183419718
259781676 190150099
902276970 21334756
269767739 408775059
556100529 344099560
302515410 141630496
419483410 175410312
200593674 217551950
741740118 71962494
562795038 88536184
860116690 20264051
19808848 659319227
20625001 386471061
200900315 4091401
45769318 389897141
491402630 233154309
273216028 599496677
962985676 4414322
154314464 228548445
68818869 56248225
42184535 826212655
364124802 103339168
436030493 365889954
357065133 44030356
383738332 294909437
458116458 199593534
402569240 165679105
253341480 690167650
588722700 47368103
286592388 349413668
552651873 28720641
257490175 281628119
80734387 573717332
303612663 7385998
2736722 431660885
204660703 649332076
13273111 778681372
515068207 91662678
97422566 644293736
362233198 19981430
365839182 242471375
833704088 8730195
312568002 585000821
58645890 564313386
700491776 255257369
414620805 2595625
340167205 287531614
347829331 620832394
146892737 192610448
254574198 743942406
24 3 11
9 8
13 8
17 8
24 2 15
9 8
13 8
24 1 1
9 8
24 1 18
9 8
24 3 24
9 8
13 8
3 10
24 3 9
9 8
13 8
17 8
24 3 1
9 8
13 8
17 8
450563107 67 160731501
413139886 35737143
37114230 320328786
219173812 56923649
283921144 96839635
109502885 220079172
52776392 46554993
149828521 208181253
45330037 322290304
65943736 248400917
20380803 238182063
240689897 169329748
12028591 294619765
273193723 12913811
176264528 83238623
166771402 275013228
9748614 6648297
83341533 349663708
55822591 39055416
360786872 61376865
10264989 181503155
45732255 71378059
99497523 191983340
81244595 76584945
17742593 209177437
45471388 399790913
89822365 71729426
329631206 48087817
76336478 337497655
303067023 132424255
26155614 278515964
154233403 226683730
112950467 155941719
78767211 120523176
184688250 27808764
229156456 27264750
140326078 20593295
113061002 264358221
5603347 246982431
151351607 182774450
20589155 105966437
108193903 321251015
129707169 28992676
161842808 264798029
279834314 5709089
174826252 147605427
186721457 106519821
686759 85960826
107872000 42797066
170604852 116583804
255988071 138445414
181246704 5469531
188437456 127781081
21077201 277283838
116798089 83861179
71047752 166657238
219543904 33404445
340393565 57847972
140601934 82238772
210364417 154161800
366044197 28205881
84706448 365595496
37607174 247639266
326908025 117717329
181043836 124669994
96206336 46251419
1062232 322137564
238053206 132639216
24 1 17
9 8
1000000000 100 467173563
365217620 456745985
16698759 754684251
363684939 116209371
722366250 178685364
636644497 97159774
724919729 175828762
631474644 289381367
14788551 749406666
188192462 680426921
413382231 334992877
153854115 238450822
428864423 570579523
736741423 90549106
214675682 428261687
63168472 869552281
2218912 906328167
748860585 162225462
98745332 55477196
176369685 80238418
421179924 481643910
424343568 114133621
250806613 213290688
252449414 62671540
284897428 323023402
23313571 913973349
502122934 11617853
421877856 309127983
722369829 38934800
414496904 550899621
85643359 712692666
25450283 687022543
492820268 316953956
349680809 598588586
444904452 26845425
703454234 40636688
185018330 289884164
24989997 562150958
307861809 47885089
66684963 30708596
453156395 335159839
128715396 805275266
315647423 124579512
154531044 540283312
782497518 62822658
491251986 218204187
723379089 268490297
360770069 414477693
393839068 116852049
535105450 360659674
96194896 798018105
145401121 358506756
194564180 739326912
26977558 443893058
50540941 523128364
563120695 65752718
80950658 482199081
130578667 226168805
370620930 97295634
329834470 551964016
110056187 514188696
657368327 338877965
365291970 405231185
475052070 182096306
213949093 190652405
266812817 150948405
486305941 183069551
145425279 741441690
761961092 47817095
192074592 435994883
71707114 65144499
291372746 30477655
343591320 466805766
162269447 813451453
704893413 98415114
96898963 400321757
444743059 141516230
87481705 230568019
272310406 43801616
356262190 357071880
116633431 262207645
309688363 449177444
855972401 8087674
189222416 460365383
169755212 469661247
475242012 82534695
240738192 472260092
895379576 1104850
105768443 273083745
89250553 374611543
663180584 43705240
57705298 55337088
632163504 202767881
93912507 513600132
81838106 498772663
216904655 530726888
302130155 523808901
531061780 371037638
702664974 61401420
626671212 20124321
403681720 489130630
1000000000 100 135579297
489275049 371312055
71307299 915413771
32117388 622810849
344476043 215389455
436430223 46541759
883374630 54002724
780074353 110546159
201550498 459689724
369962047 518872559
344395113 252372778
328857267 498088525
121300793 235557894
270392775 80658716
859496575 117243944
584557498 255312646
505449439 425798027
253248412 647626682
110932270 453153953
314367890 158829267
221429820 565506267
168306675 456994339
547972378 5581946
187114995 514162382
473237258 84820481
928350571 65289270
502347185 107372560
33115978 944644493
164405891 540433376
314348060 183389285
403261901 219645378
317822540 273243956
159776817 478257824
163049375 5746844
775438532 74432863
99878920 636527172
823065197 2471949
537981263 85069795
320379497 289316590
580127773 209558816
108500782 336048203
292466033 546462693
441917797 216471518
639875885 163727348
106307849 279775304
497492102 470154730
441741342 320586101
704464639 36767617
832268289 147467129
128181859 499729817
515717166 314361516
556919736 28033295
222167040 334550546
469830474 427294736
941096806 41911525
291269344 238063476
21289785 73136586
39534166 236965006
478023568 239561649
819820550 13920363
472671835 9157650
530169214 124929774
475950260 483916031
38100950 237470604
87652469 884298839
188040952 85857826
316173517 524804061
655902539 190395771
228073234 315228606
22898814 490482759
180174719 185971966
60108172 342064682
670091070 19209933
595905014 210834398
123333293 22254289
695805643 288442398
487400551 175065983
323737441 526371695
249714777 689991745
318350090 25457243
575942058 409141286
333528399 408916411
326690040 418189055
142957051 672363252
651727102 223714004
195451365 108448270
521795473 424992122
305798420 133396098
8914120 651400940
616221048 295145515
615388 61053649
240568978 359410200
331437442 542117365
515425555 271169628
581723943 295087078
280244284 695798287
59314235 9657973
550872434 345220600
793409130 82839768
732616755 223439194
344582571 281187124
24 3 22
9 8
13 8
17 8
1000000000 100 25558270
13570968 909513735
446343685 120978190
457212966 108823138
316331800 465627143
190531151 238068294
480219037 296701560
42647120 804912438
159492717 3914196
211836083 528883118
686482453 161340359
189012137 715222497
160576919 653843
335402374 85504826
675577965 84270119
59652620 50134399
104106382 421031015
561913818 156814987
9441122 609306971
254427135 681593481
457845365 66847364
309181795 668193491
657641667 180779296
222854461 341716866
130758517 147339030
495347837 236668278
329334259 588908567
126786804 72942634
393724923 226834040
379161560 210009196
19185628 589954701
47589432 50813158
33900538 177423506
76589784 833775615
193297588 383400511
378620345 287148372
207031260 482316699
74783584 278646066
427286240 186882627
17554847 14587047
115108502 486453325
439669641 253544001
7474701 440107445
245754869 686213182
751454078 81229829
316267005 405226512
33131369 243451043
390982653 301775381
243618749 744733463
315877312 308793856
88488067 16802929
597879662 203233642
106198792 285357869
628104368 175879405
438369017 20145356
587938012 287945911
548482130 222989927
692296439 114619720
184199223 649549503
704669195 9004724
303664514 129499696
206836359 734415584
685736167 237027755
309732991 329481505
782245637 83461211
544120484 271655077
499232337 320279743
83696560 622888634
759160729 58780347
222126225 282948212
452694574 44303870
495635087 329782877
424279509 440410121
177608647 232247566
609565439 189753804
709274123 203924980
696629289 226789453
544538128 174360733
866857669 53768602
226327469 700192242
499680913 138952078
49871421 363606760
604705906 236051804
42021830 279187394
163157024 152143344
325211941 666166568
73146542 417492466
785697743 200152585
610042236 311516756
402440198 418618779
178375314 394830803
475436734 188936800
205988135 492770489
290124473 14521766
290340067 413132784
350998419 314440503
15293439 9703229
468272410 448448935
47021689 38720748
311029224 688802091
62517448 11428433
24 2 3
9 8
13 8
578317832 100 77757555
81750470 327841487
33896817 532351030
192497255 176036522
12822750 213002588
139875819 31586506
342684507 106176322
83275396 421368055
123180864 61694828
442538268 63329872
243374123 56929987
411071993 155198913
379250527 34668406
534370842 37145090
172477144 84965642
137003737 230624881
374335852 148042950
177124693 35651472
223414407 36793711
30054723 341990105
165018534 284181793
245130594 114586619
329033179 24486204
92717741 206595192
4350540 57516029
148684060 73906654
272290176 8076588
76748387 221309879
287660367 262023100
8989006 90474357
195985184 213752637
63191603 434595953
18045113 161312498
359733628 172554067
191089824 259629292
73745179 296940681
144558360 295644611
255273323 272225332
204746263 192684366
237187659 253846143
337782645 232701568
261879809 60611724
55553354 493629292
303558864 101721252
137317838 241238713
55882156 312547178
33130907 453184263
174289135 173153837
304680731 17964224
77658 391893603
53881777 29655293
261593233 173929859
114736294 101835672
266734107 120423424
315680021 226512189
59713586 171800459
61960077 357156895
66528560 114178169
450036042 63984165
59194786 297346160
142170561 286067062
395576578 88283956
95836301 161266342
149109299 330586930
97046260 310455770
324273216 5913061
9444898 61515445
179165506 185365136
148333813 72257093
221981993 45846108
323711936 20146125
212831383 33221037
340638066 125624469
348421294 212827313
163832022 132911869
273487563 219774805
426509139 82750472
146473908 268659609
94733323 63040632
508365674 12168265
13430646 173692409
274277393 181656504
390713679 15818623
12153274 46786349
421718564 51664161
105379649 366747557
347936080 202206347
19039585 300030027
239390636 30681129
254957889 296441611
6888326 321075781
39395528 534307095
381511935 34350319
401056007 143138832
161316292 72871959
13197812 32324314
275959107 154136866
1662631 425853737
356625471 124408995
445087776 56284704
242246207 164865048
24 3 18
9 8
13 8
3 10
24 2 4
9 8
13 8
24 3 5
9 8
13 8
17 8
24 1 9
9 8
1000000000 100 734493845
497140818 272333978
505819753 419989532
49952815 793155943
129908806 83032014
140430288 91678851
41533378 518086118
589970804 136558965
453156760 161698728
14063290 435848599
616399384 19511601
625735052 335963178
210732812 492543187
553924236 56691282
594826301 77979750
458027942 299408499
566860790 358788716
263910544 398573375
737945498 83227034
573310649 400877868
513725373 449202668
103252470 348960636
311044525 276119750
687999294 28217029
743099952 122925552
809398362 31700171
329079166 666792184
557236488 31610518
570875315 96900399
18291511 918633998
310126042 152467023
516825130 390054498
236518676 263123599
514703486 342567195
264104845 520195565
401382660 543579059
446853645 29904578
330983677 427596382
576229027 27261289
294408107 306544980
91169404 250553061
262260325 122736712
348673682 276058694
684998252 63494152
183064294 38440669
466474223 501693914
83034001 392722095
172474374 514596951
52217236 198760276
332437437 633714069
57024058 613270931
174021960 110709130
476122537 64471859
302840102 621929228
626806963 131031248
75106301 742919381
808382538 20783720
173793386 657264027
294582030 604368292
1827654 262602077
157763767 189820131
233316438 640818802
47665525 397510159
378859868 485889525
324426510 511013904
459213213 218971410
250045205 446543679
465213479 230341276
561968030 175979491
137181797 127150835
10490889 412617023
660588390 166087992
68237077 216659684
338473077 143145326
47281793 287104999
442207110 77724590
678275466 29140087
42636511 339982710
202954529 768614101
561418395 177618115
30117965 703062526
149692833 822753680
572048505 143298468
433511379 107162106
171966479 274738434
360694669 314771589
736129809 112962362
229011949 397239678
5472609 852809101
766366465 180419695
135756508 838168403
330104060 233687515
19369558 775069025
934962572 11289497
139549428 15374453
407448698 140308372
18728163 269484937
764243582 14456999
237246652 682092798
367581530 402042446
342353554 643954468
24 2 10
9 8
13 8
1000000000 1 10
1 1000000000
745022409 77 254043465
178150295 543010900
20777744 622627696
114271157 267663928
192508535 249675149
207456828 417185663
163553663 122580611
253138473 124448696
196598156 417406702
66289988 49028447
419866804 47221611
47158669 692685213
237987874 119206143
18097980 525144350
323525344 171477856
567437214 149375836
88587566 570875882
23684580 296504153
202641773 83668004
256154410 22290860
141214255 457098346
403743355 210524352
252372712 159055311
120264000 248860892
16355699 626580074
247035302 9284406
457038268 284372272
311161362 277895614
50411724 374626694
387933886 253700400
361538825 75193568
387579923 194951094
258761776 156803838
527021606 214689518
516810271 199805308
297288275 156267208
259577691 295683681
200541362 524241107
259665621 485284282
160975588 473985396
617041881 115782372
206237271 288796158
62046956 511314262
229735656 380684901
526270268 181604000
26157008 429582797
85423368 132424634
530347780 199063850
258034198 123946616
308899616 25682197
304845168 91433676
59879288 669816325
129734146 612835113
179580177 145962053
23352680 497219017
475647171 146817228
200629739 448185853
236115692 256499990
408157543 321396383
36083646 491736434
515791568 117040608
104316856 340572981
311863336 273690936
188839307 245082813
233004679 369398198
334374803 30312280
91551213 187437999
172109367 215839490
285865625 316064475
177680240 52008302
614243808 59363344
11319931 704123487
391497383 170170640
92800049 90872991
209865982 91284509
350697897 347230795
43475826 484871199
266196446 370131736
24 1 24
9 8
24 3 5
9 8
13 8
3 10
24 1 22
9 8
221308491 31 191061397
32155680 89935344
6030997 49384541
51483755 130129099
92367575 103166502
53855052 154975101
123926659 71060931
37179891 91493368
54874160 163695602
66256856 125773183
164207516 11735466
159771952 15057743
13802223 173736295
37137740 74740193
47025737 70979940
28055599 81089842
2578863 16445071
18090126 164497376
212802572 4927773
99673645 65355311
61034329 30244895
76416332 11287148
160713293 36810337
34903675 18801385
10035453 36416516
113149620 75892223
14835366 83924713
99723995 72444265
29763556 138740166
112797905 25934993
2985845 29709349
81225928 66353292
24 3 15
9 8
13 8
17 8
24 2 20
9 8
13 8
24 3 24
9 8
13 8
17 8
24 2 6
9 8
13 8
24 3 6
9 8
13 8
3 10
1000000000 100 744564302
274210734 459818483
151869129 129811821
220734594 364028371
104558872 796395048
269098658 356908638
129382229 155255774
138432719 137622782
9403313 352382862
625929857 312929918
451272255 497909212
59525902 94027644
227906588 259303339
91651426 170992869
420630082 47585365
749495062 191057245
90960509 452263538
117403978 285939650
85882149 457440032
289720729 419786647
521804587 457276084
166472739 762928731
414777615 465570139
373898986 544254154
830671511 50580599
259276057 70054792
98371337 681090908
400334235 64595330
69324397 26010639
558655518 282940318
165262085 24140627
265812800 94353407
7599099 128880860
444297369 510881351
565557692 95731769
701699366 189040298
329032073 328021376
14852611 281873119
26148852 417357128
856971392 36213759
670894181 175053657
82300418 390525206
464968434 253275996
127895263 97310535
446382360 538311515
648326762 343949255
414131790 284064995
496389595 43850123
451091166 116591078
114760303 194352665
903785284 59134102
441232251 246452126
465348795 424995242
642858908 282452097
178264426 587393312
411190644 522660806
330962846 230094080
335537063 595552919
243288543 148758529
96832375 62513934
96891858 614578033
37367902 294715278
298966046 391933470
810557130 107326463
585298223 346783842
392747533 530347614
19896867 692833509
632692038 335844247
297008913 272556304
381933737 157771277
295380176 153633354
225399288 248523495
18039399 220444701
22220264 401477210
39210090 259296559
98096460 718460597
308194991 514167674
428488637 306628153
259434741 507433966
421857883 389673576
311612454 492235654
436921748 266641471
179268135 275403221
134104372 429344939
129197294 813364735
277001107 645630823
4285151 312514119
576771176 418690156
317966838 677968917
266467643 385163739
120140756 307304940
256987451 448336583
231714760 82117143
37396364 142532185
52402214 143039144
94727604 592390473
495156953 389421164
306563335 197871284
631701951 84185939
159839682 613057222
502485693 396396502
24 3 17
9 8
13 8
17 8
24 3 21
9 8
13 8
3 10
24 2 5
9 8
13 8
24 3 16
9 8
13 8
17 8
24 3 18
9 8
13 8
17 8
24 3 17
9 8
13 8
3 10
1 1 1
1 1
24 2 22
9 8
13 8
