147
24 1 18
9 8
1000000000 100 543844225
491003553 179253432
271492860 132521990
374419586 491457106
106006812 878827853
425796860 240441810
292680762 637461225
318197397 346418697
283244194 566926680
450995812 49905317
640506978 139233235
525672855 462057988
380899193 405071603
117162726 281962215
424685858 548508461
38698863 364117266
678643074 60763694
117586969 226063515
907180905 33512493
231048187 202579778
115269319 237407822
345901961 374075082
710919286 4136480
87607077 77189228
79602890 46909128
332214790 329211222
212286004 703677117
275982900 484771926
118359826 426059156
838377147 144253239
363291857 545795599
402218923 107478583
630046668 15070545
480927970 467820605
657490597 167670238
131205693 518229725
407730694 555813835
512726546 321202235
587033395 336891821
50253737 888198323
487911577 297441378
81001677 352710506
152664290 359147972
439189554 410804292
57749169 852402553
661782521 118135433
59051948 531852107
239343550 20955943
338792894 304989138
815014450 52636268
213320379 517108435
408593513 355163435
15148980 197514252
228343979 744562041
167957197 686074659
44303508 817560627
52659542 59961309
12770124 693843010
26227381 367621814
135429165 162900332
252702676 254565414
314494900 294873019
621169493 259122004
802827486 182729419
614895241 304767455
404495256 53053197
386133897 521638224
327467639 414683366
287793358 15768873
574546950 371473689
278453369 25202160
73107512 618955374
26525820 551427089
384729048 424467682
324184333 116246375
215913865 149855742
453463524 390389780
93112516 349980111
21290824 841442323
323895474 464502956
249755227 565818069
295278341 249257297
716063554 182353611
652296119 146981963
209305910 353189783
602503 319181205
437590336 304950574
92097770 727530522
242781855 601454826
89496135 422739585
179985619 308097083
501679488 68206524
499859800 21698122
490204244 469377293
707278625 236888341
425767569 235145830
368930299 37083612
129216478 581476989
269948611 413961570
65946884 427770246
455091970 27599004
24 1 17
9 8
24 2 23
9 8
13 8
1000000000 100 280470173
211931195 240754588
472764214 173644606
512649421 430120465
227275086 427880404
907933738 62255878
60791403 853259253
286465807 337888835
474978755 313738794
628095434 190512808
271991803 98945936
227582697 691836528
138714488 570279723
634972959 183987367
448228302 342682311
524651279 102383692
207289010 617590985
37668484 914644224
831288210 62579413
18844103 651550668
534655777 175385941
163862562 698649060
141524498 112471143
46588277 642458662
137862842 563147426
20651640 608650737
243038270 4261853
82744850 320218081
152156838 378159291
206141297 703207630
174302076 592982998
93778927 84332000
12283702 422777407
473931951 447984283
159400926 832425317
69092879 286921504
53507439 54906986
143814531 486029278
387866567 212467766
289410185 142620726
305082760 327164712
489922768 163552484
130362857 264104253
76649020 843092656
7988804 320157872
121052403 215284969
237007318 541481055
545369914 382132317
187052505 682511347
839232492 75736677
242205340 113023762
249522910 364197233
517980175 372917765
438104633 403627104
264088338 110882990
195894532 145591881
404462082 179090206
325858747 634397987
199269220 283929663
835227886 130847451
540240166 277387733
306812561 674942677
222543202 219521268
258174972 474453952
67273546 311535412
42188096 195390034
125723672 224579033
274949678 492896121
640496934 344199802
871104392 20378101
478098429 401001378
373618122 207585752
522854980 194319503
369958258 393736893
256581074 297039692
858607439 96442812
439761810 3261461
86747230 328062553
711002957 285297925
791865755 58176792
519009716 948143
326425906 648671408
217978804 694657400
116940868 873846328
227745771 550181113
186463211 331545690
153547444 71059974
390496971 60138058
162762294 376805934
725729742 234482627
90773383 42745934
382355781 492584770
321158649 281566980
492057132 493931369
493044281 448397371
443746096 306686213
414831613 151774096
778297453 170964780
868877092 128386024
692924693 222836131
231612103 61989950
24 1 6
9 8
24 1 14
9 8
24 3 8
9 8
13 8
3 10
24 2 15
9 8
13 8
24 2 22
9 8
13 8
1000000000 100 739033281
11392458 12002956
509973347 97453034
45734870 499511122
338512894 291807187
103257696 13308148
551706664 76821731
342207669 480490843
507570463 271724543
856672196 31164507
146252037 113664040
278193931 141038685
82475695 346917574
73633490 118792495
459427543 370902052
213256995 113597708
88393715 733711710
592499162 403122082
516475478 467387373
67670625 449442979
357566587 150376131
584345499 22617352
77300054 279338772
280385708 701791423
125941131 125359787
101673574 584052243
542344121 36230586
190645851 20700309
133003594 71191890
228189586 694333070
90085853 246145544
486461132 350138788
293416835 407782278
290187720 22538482
883593386 19350069
96908458 1357304
343123090 304855447
728700778 215432753
397301182 444788321
104089179 126508220
812266 720231114
322172559 322512365
484587192 8782021
877599563 74615488
591308346 29930539
192092919 575272317
631561479 313041784
836330014 86113582
461627135 85318767
116441134 602460559
251966509 169795269
688173148 181775822
78507579 722913111
169966972 729817282
633890169 316011159
97317077 114996801
93505740 742665347
206962743 425899027
883368293 74526494
824671176 149023560
117380182 831520993
973792140 19486966
12175643 748561589
31001882 828128328
668275489 23853316
156601582 743674321
7658119 497225621
662559710 122658556
865400113 117381792
52070691 129656291
209737530 312568378
100690771 403598670
287338580 60554999
125763983 727107353
280475664 548929004
303256718 531494686
55993700 417039042
371880602 273845320
491527340 163637813
673975577 79652836
386350487 543692122
283542401 17007764
24605676 668996312
866930274 69089116
801290250 163771784
115888623 587296988
186719399 221798255
220517968 471748624
418304374 240000718
258717223 710839409
249709541 81809964
172143950 509323053
199965352 154974573
479496120 72324414
672409870 23692120
456539913 122429343
280111809 25448126
237357658 207832032
120354507 451724650
207152197 147112185
362733170 149783586
24 2 17
9 8
13 8
24 1 10
9 8
24 3 9
9 8
13 8
17 8
24 3 5
9 8
13 8
17 8
980689100 90 630620943
656144692 309357556
147197817 357457589
906149 937014592
40922358 710761074
390725829 334668115
168646065 223334278
81743325 402476255
105520933 312636452
424096 529308441
781289098 65248040
488357526 349048855
40736290 721031293
15825081 616835871
175989950 564425863
496820849 108228824
170897178 100329923
697782457 232605007
497847856 152807133
208438442 544770914
264307857 538177118
12527036 916091628
121430866 192942522
185769746 278307250
205011103 627987979
102222054 465900946
623319587 119594945
526762250 274695568
639592713 43501302
641095214 175943166
891709816 18037045
440960549 408713907
692056917 66598385
506454752 197093218
128099033 686732486
239836900 24496536
533903249 266126201
113485408 176819458
98981463 6335948
131731305 786799020
520816560 457904942
373661831 439400676
175504301 168088909
148450048 177829154
46496216 3866074
119871835 388471657
35879107 599399465
29989179 188724924
221779063 460726600
386523097 310003453
495508123 13626337
246635515 496606151
46417435 907761441
37629286 111944564
324400204 276832319
577086490 102405123
212432131 83806658
543172921 296923240
300241616 427936352
43918277 902589471
376849775 438998899
516481341 342954911
78059081 357907123
683223702 222757443
98148022 380968651
7040215 236843917
442082445 501076854
614972204 76064625
113063023 17651254
801678833 148170399
77666529 558190463
390727411 506869748
25101047 262518769
411723999 517303085
92793006 211676709
313524065 565988985
127723286 481884215
32707009 49831317
655236080 242212217
392348702 390361279
276365111 404640911
726215299 50417663
315172852 472951842
713714730 201233200
178820949 642686914
563506744 34584749
676234105 144176919
88802215 61717565
708149121 163382107
839787461 122378779
94074480 682389114
415625821 78 53914590
341396665 42786177
13558513 291610344
38773452 347594663
16654463 108545988
66511593 30144864
188774312 174003484
7281054 272702946
80456515 107825138
286981498 86085172
83481945 295119314
76260033 266807874
187661172 39328392
200575762 95289981
51194381 356048114
75691782 70427937
202585738 131065752
153713140 93746837
177720661 34010696
94574382 282928141
156306895 200491346
77631374 29214434
70070952 131812668
68478009 168118418
103886963 310856439
256988344 21919415
127892799 29419979
26543555 366517571
265359868 34855989
137196342 4149339
321059675 41606213
127377200 233105170
154922539 106533751
59757550 50547305
81162841 302560536
75641724 165919973
229581589 112035927
73672062 70716401
360791031 29877200
238333037 51357492
65118269 272283776
101231845 153700916
140741864 12060524
43962400 76622384
28012391 188702353
180590485 74841049
110267631 221698072
159659750 71227581
13623492 138205867
106522004 254889139
321431507 84004984
94440062 162446434
100578346 90437466
188329833 49834804
11686731 246042988
323103149 29038175
72896442 309703837
60574756 276631292
61088454 78725041
69171930 75259372
217412881 125432413
339443284 46275815
70638363 118765528
159110882 99433216
33082197 159948432
210131934 56791213
122037575 176757786
76518278 305296950
15626829 223691240
7468448 251577939
30567793 232472092
47682397 280924934
24946901 139771322
300323402 19771657
181479662 77167553
180243941 38169170
120680670 5580270
91527457 87305017
241595569 36440314
24 2 14
9 8
13 8
2 1 2
1 2
24 2 24
9 8
13 8
24 1 24
9 8
24 3 16
9 8
13 8
3 10
24 3 24
9 8
13 8
3 10
396012135 23 368766913
10400107 93564351
95816323 107353136
37103443 353017723
268229088 69785993
259399559 17516109
127828739 42207754
39905016 60570647
144289613 219603542
253726908 82851619
62636045 287039178
118337061 197417229
54117893 239245937
258929654 126758144
95229765 33011333
12217969 152763954
138741964 79844509
4986609 43213791
280257972 23802288
91947316 109801374
296359103 36343485
45077886 26112426
229948268 90742205
254767856 20640564
24 2 3
9 8
13 8
24 3 22
9 8
13 8
17 8
24 1 19
9 8
1000000000 100 754818381
628021227 72504370
147663018 375046027
195856394 745967629
250368563 124460214
154802534 259538291
287291794 705509933
362475112 10195521
364888800 438957061
696766247 31970688
442081021 533893267
392762090 166061278
208718442 190248782
205314928 724428474
571792302 357103582
415931032 264038259
231209046 469790069
136417372 79467046
430000621 406610962
273696775 376800767
130914104 778409777
797005674 26205268
566447898 350853794
43234061 246131402
425623794 563227753
103270985 799475023
163182973 33925679
139679927 850660765
420158749 448612240
52556148 553142416
609642838 306728899
109579272 824610395
603256032 47828840
610555473 45854992
170394673 247260327
144254690 508285028
137249606 754211506
99996184 530592266
169105959 520874472
290420578 628865866
650336903 7622000
557822346 437677245
442217278 281007674
606258650 163012402
199753794 750714628
182737834 721799735
21699448 356168385
237513321 268459660
497628971 274805706
377589853 261401614
384902362 173592236
238336257 240880240
114835388 332133476
323223684 112549216
353607354 553274449
309645810 201596463
775395557 47130193
442819566 243492718
391735840 117599286
301289801 157977210
678226100 223964881
10243052 804430533
28032619 402297450
234677067 410656119
34532463 854048643
352696944 530430993
497256205 250862474
627650218 371443849
33871485 372003691
588114128 240453772
754198724 211513301
33355697 797915291
267154906 432360151
307198657 437386572
490202346 89065787
791676901 45905799
428276646 402820852
98005106 119886860
94300961 329505009
315227864 308538636
550080140 92513935
351114385 579862508
323690517 294579823
423457212 504447078
143322305 492537972
151355370 720049403
264130385 53648571
41215078 794378440
26145896 933804979
776279795 96478181
185427685 390086619
765697742 16388324
82420111 577949954
102658948 483020546
101766183 281043508
182647895 238188348
15189198 333590291
230283190 92920553
116805340 31204864
581722740 310820878
168405638 206110871
24 3 5
9 8
13 8
3 10
24 2 5
9 8
13 8
24 1 20
9 8
1000000000 100 155527803
92351256 750767130
292727385 609020453
285737169 183492859
153483058 389188183
176484086 474861698
32793471 753443371
244388971 147224707
683964761 27497096
254967469 441636482
238641237 313249691
467003993 34704604
565375752 425839501
114903252 131208542
25646190 658868926
519396326 405744503
395366855 16451432
182327839 720125855
493931617 150604222
549705137 93913114
492994524 147831647
263906376 157898646
252226634 560332880
409528192 336298629
322684509 136562526
229433731 705384741
330349685 288169154
338405076 660110394
312795392 175312606
252114101 73053161
22030233 437295364
183172403 159432447
66153108 38807049
797742354 86556121
828551515 5119818
282242682 314516477
124342160 581638536
614647729 307253679
301466987 575804971
311367217 155127535
444217599 307425928
208505501 676779149
668639980 117447901
478345093 21125003
150579553 614479695
163770152 751314929
3378252 554553571
656610403 7055927
130084183 479490490
701231014 177059320
6493781 676386868
300412326 509954461
92204366 385217624
347522967 289361693
100223889 150405780
470284022 388012439
279010353 105296055
119821918 147379235
693716123 22164104
280882646 99752621
601404604 362255152
398584162 303302713
692076839 95559087
153675087 817684396
810573734 48621264
152016916 167443238
717585752 14559881
43843279 678815468
142855966 716534954
299261530 56290273
315487695 614709091
60695586 808540827
612208918 112696943
80527382 244073305
383179317 322381113
71024019 917496321
213042190 582807326
149699529 309188910
393582559 537190353
298743389 415867299
279227526 203686634
180006150 168249804
660510736 52740434
767831694 125975339
857532609 9981963
25970949 62779903
295355028 403174263
144076996 305511638
282365915 573918420
188525742 578508313
343962601 391513883
389946194 464197980
51806461 683474724
47777325 343376292
51358838 555490826
683826049 24769776
251840984 511517354
63685598 902531446
393962627 190666220
759049290 221381907
76418814 731847667
24 3 15
9 8
13 8
3 10
1000000000 100 884245509
385382220 237800076
272447591 603468783
423005786 473922055
321802558 476362881
257141307 603279683
708264319 152103850
59667446 670540759
759697464 161542790
152167812 781534111
100118762 469038213
95696006 303947420
422652162 220552968
243728064 744492254
231893255 449070165
702305636 105243108
50372052 58974717
271253257 228902144
21169941 893414607
460995751 164237374
489979575 344564351
52136731 123448809
212824891 559791881
341337201 193972182
524669121 127142543
312114069 374076036
84681379 342862020
642584180 275228753
108801218 515532328
316786213 32203358
835593924 151298279
613593653 257875014
211711731 415617107
301144054 135318023
328768894 297865676
43818888 819419018
321279579 28312992
318871514 371335376
241424310 195771785
199377954 100586711
464864683 64350963
172932041 58190842
440854665 465511675
107806141 655296255
332604286 49833492
29474225 646123106
600298398 99698539
625137161 166342229
12598724 667659799
467625445 252813954
343821390 95186675
793664511 2489886
237124204 452714894
847954810 81870891
31937168 259615999
531881904 39991557
134062954 491155154
197259934 543463548
358811588 3341016
230187458 133550381
301505075 231675783
525160059 390823752
261172209 400018957
320488375 363083832
243632977 183152573
299186943 482863355
459458506 470293108
165297893 357110228
353392135 108541070
430769193 448157941
447526405 480370390
598149827 70949346
88076493 585970752
252517679 263133412
154813804 717011767
603879350 150683890
96119675 846463883
8335028 469826905
761938701 216426482
75236879 355943218
567072104 157749136
53846085 676208238
48465633 493498727
269024185 598348389
534547817 438413210
326338131 355533267
207069867 393960687
116962443 701566631
238050373 451782892
280637076 209199239
492533920 313383468
512944774 113349450
405369211 102776211
188973937 260949108
402482 176809229
530820809 211474130
546450059 404019796
63062883 247667137
678022898 255241614
30565906 229835763
25648715 934839697
171342819 42 135610723
99523362 11169655
43739804 8617629
60100807 101758084
20643519 3957955
66793547 67996853
34891958 104738214
32566999 44731402
94590863 40920135
90771900 76348103
64039692 82378606
53357074 88511893
32420949 132676486
48525232 96432780
52558327 13383365
14274092 84480543
3265153 109548532
125562657 35330806
68613630 30693222
72336299 67804192
161614221 8093413
57418154 109610206
5494462 139141972
65971446 76911382
29753749 77533435
76147015 75143199
83173165 59670694
11040173 39217140
70429878 17205695
6403499 108579728
37248457 80175599
128072700 18559127
76881654 47953938
64653319 2925434
98992261 9595973
39065476 100539249
8815025 60782120
7462334 148391973
30265023 85075844
45825946 103925387
3538509 1053914
74677904 7498633
5748162 64465133
1000000000 100 642520334
347090071 325757977
2726315 376581738
89023158 650806960
451250896 82816845
467257229 78812842
476830592 367941210
152956190 331682795
314601840 307558647
103567026 441944096
216893168 91824498
90625035 188290673
551360709 240733527
433726029 14363692
191432468 105063773
243894498 231430405
333046423 499337074
76343102 424672387
613546942 216804975
644209686 172374246
52961785 751202390
49400596 483471393
10054180 984146826
88911668 788640460
192233573 475910468
266134632 512440955
531546610 153143293
69633093 75903097
4055885 144829202
431721808 531327647
191127892 305478244
237189469 293327692
360397667 524833905
303490638 304017840
108481634 515180220
609148553 172471371
984492118 726514
243560708 288015718
789876332 41533795
441866799 103283235
611924799 154013008
614632865 247699440
715319417 11014593
436840899 296596087
483589733 39776164
600697030 23106914
127909662 224166144
41619916 931804630
802649557 68431447
682385607 207578817
160630352 628856734
246892066 448517635
670969917 267633632
138383229 351837556
372711202 195198941
122347615 765886064
137697712 8077069
308563660 176531301
450438639 340999309
558380228 227455779
414625177 296276974
508549959 173880235
320142556 486313474
271838258 449134336
174596433 718361989
155735720 450645301
589953063 397938854
192867013 331822970
362031765 215556347
231259124 177197056
111892060 138036647
610062076 10952099
206112268 530034018
291605075 530555891
588180951 377718341
157193275 735791886
238176224 631753645
262943735 301573555
178676732 420374187
603150548 209520281
87738161 589425379
34288753 108125962
26127739 879295804
120712427 284779608
260821123 391569546
310496160 373955683
99014037 808217538
460546809 417968448
937773075 5321101
859889341 40107549
100389667 42470730
218863480 750155902
210052744 686398979
273426849 476080602
400954964 535632717
345733711 438985390
12364761 631630622
262652153 446571875
85037029 233918929
159212635 762205004
808764551 174507650
24 2 8
9 8
13 8
28220766 21 26866252
7175301 12431124
13161001 131038
9013307 18287016
18972859 3278321
2467905 24469487
1639318 14615852
8241930 3925365
8594606 6959741
15084917 5569734
15628127 10129055
8497926 9012906
11536683 4084533
21163110 2670362
5574808 8132304
12702861 13260848
15332974 11797828
3697598 5137685
10614806 4141103
12894540 14923885
1223794 16041245
11581397 12915566
24 3 14
9 8
13 8
3 10
24 3 1
9 8
13 8
17 8
24 2 4
9 8
13 8
186829683 63 60634863
143483852 20188330
139150350 16379012
21329377 1405630
5490907 115420711
8305516 36028884
10913817 93849896
69529438 48151731
95883087 88724779
73171150 109372542
76044203 81612497
59383078 44364341
30058337 133437409
54292386 34723564
102134835 65439194
40820589 27154280
166519400 8506538
27543963 11564454
31023006 37463212
85672073 17294843
59415385 67711724
30402474 72754138
126420167 18358467
47820779 92159569
57674042 19379468
38422351 6801401
9952167 118003327
41399527 51726357
42107053 132847526
50091607 68943691
91929476 23683734
9054340 97098198
72087048 40892285
50124141 123191417
109150452 14082078
56350946 9334603
88084357 94256157
44950576 116632952
10541162 88976692
1417024 20797633
30898888 101568411
942771 50671278
44001176 84164593
99375418 53890524
130560983 25071093
35105632 99970669
5229101 152844996
125308190 33245957
26763384 76072954
24566872 114885654
44371196 9743696
76682193 97015300
107457246 58523697
25674160 86107414
19132938 159705366
69243675 69195461
102556888 79534455
92864423 45611461
2856623 115877877
146301694 1421020
37616677 94338531
97189106 73049907
47462446 130561367
7166985 58543919
1000000000 100 255713354
324472058 235736469
542109004 327048774
539753915 324337892
104666349 685229097
871811070 21174671
13900863 121652481
320693098 412272479
33347648 566995706
93647282 267807231
700754378 74580329
87992461 702003655
592821220 40006459
688537315 63836142
396242378 213579991
38877972 432223447
202346007 269418132
222707645 145677728
78943092 193890087
656534770 902400
743020617 214599116
496022948 83729104
576315236 363328095
514339010 289766013
522728097 283633341
313777446 355925523
326951794 508478560
450189335 543059293
86711852 606640118
704149192 89360182
271554620 477349174
216182313 547540729
454211330 397876669
394371347 306786742
570332601 83755818
571194009 319011135
351108563 289132336
166130376 466970905
232674545 144228755
648152696 309462164
725069134 219997748
198899707 717401535
44979458 875805636
302208891 362823077
494172655 213819032
127277759 527315470
736848825 39571213
245432766 125929616
176036593 352383965
329869440 220670634
104253896 688578240
273373634 299700264
308323745 365769278
181699502 626810419
340815171 135736126
661859855 107676235
794853350 115055006
183221152 754904219
252154738 81482188
291350840 470351463
56244682 811507090
263676666 288797652
151255585 497455706
605663926 298951854
50236960 113707411
663015413 205724748
305794682 364173292
307396588 72118137
202333269 170674817
120443718 459967467
915160150 83437743
283083618 431905820
551522899 269154172
723743026 41617036
663218737 27153125
172130954 552394131
770587039 101481686
465479986 68407946
343501567 304942441
80537141 127302533
460665538 49298400
750257711 111417103
733414201 163438412
461140390 380559567
110802650 310155973
408028940 303734610
266086779 37045915
58058897 25444166
705915127 158594670
138025883 374299628
597260857 208376445
177787627 796373158
197202548 601636698
235352108 378731344
26670212 162184701
316234401 260467358
502747626 421264761
671356597 257349694
145485243 230168569
34090864 907029526
181485950 392447062
24 3 11
9 8
13 8
17 8
24 1 4
9 8
24 3 24
9 8
13 8
17 8
24 1 3
9 8
24 2 11
9 8
13 8
24 1 8
9 8
24 3 13
9 8
13 8
17 8
1000000000 100 409411257
131037327 338835013
489987136 107804740
429234036 166805868
63597023 591783509
819486276 18647122
657488133 186066271
431503077 246797120
488867171 46081540
699876335 201342293
392742561 292740029
669771551 240932337
156409851 201786917
200946411 702835771
173107146 391352118
97615345 111917264
204820682 413271409
151028155 461654571
569169818 183556183
432008542 414763818
112778790 25009913
372089829 44962618
301890643 525357113
323172960 221429264
518649306 362758481
325967162 17573052
137669724 97365412
316195382 36910996
423575758 123471228
665514432 235010873
240110534 509917244
95444618 151843258
214735924 433905506
239148384 7207305
541027767 381296398
547210870 19439516
463895368 295484394
27091057 928718870
710686295 130483656
46154212 880437508
202332643 614580573
700610037 156816012
336825416 518247722
196550270 652375855
357005238 43150996
146576092 247746510
437234941 118369083
381527992 561110796
172701863 193274020
298260736 180888277
708171163 14447750
136631493 468058262
432356881 67619680
814853700 96418220
369866742 411986656
600126780 188980037
132406576 777571522
288555215 480726330
835351790 74871106
36413328 695004945
948183466 10258954
210487684 639089547
176532508 15532416
27134218 73734173
434606902 66478186
151734890 240961558
153574385 664152292
243981068 180500392
32608608 627984118
300362084 535796145
161888721 588110308
104254146 390525205
29337339 480196783
10386649 21080106
251048448 237384328
669031887 40461026
73509254 90070132
354289728 622791266
69261335 875929687
858528016 40593565
48757983 876020876
254950568 369263071
248554628 662701898
676508681 295927150
63622270 201292265
45079641 321839685
669777808 285354054
325794608 518844610
499105624 334271445
206814370 654643612
379045888 581453720
102395903 141295188
316360873 6480077
569116989 349233667
611455453 262722250
564154115 416266007
151389091 221128018
89094301 136489713
175477055 815405166
215869435 134796773
470505131 359365984
24 3 20
9 8
13 8
17 8
24 2 19
9 8
13 8
24 2 7
9 8
13 8
24 3 21
9 8
13 8
3 10
1000000000 100 340338086
808665911 46507076
200688099 383860382
373190438 359231776
384025343 397178789
437845153 434987155
204053235 197535471
233674012 610032240
359011728 31610508
516368876 12348961
897631051 51042174
59639326 435335604
409143705 498187501
757014015 152572802
537519098 201809079
484044256 253700317
25001480 463219771
786614253 127230804
80138438 562623969
439755789 9008444
134881002 46954522
48121229 324181847
43486431 176850676
640773334 70917828
163520071 709016367
246549153 333473926
560159019 92586564
225832617 532510141
436954995 380609055
165308900 743315848
425765226 492540965
377513718 375847865
644245508 195666970
780347773 8939738
479983809 96149031
494755929 414503960
726612176 226516385
148150925 728938560
612188942 132450646
715689306 63006833
76821869 341503461
375452869 273047144
131154305 773802637
911629343 85627273
371058289 472079068
260082926 500688092
172466463 441843094
647643189 200295290
159771433 122096311
529754281 256784470
237820145 683645329
63296707 489295114
22201980 776976952
902775613 83532778
621037855 317938605
816465606 74781583
608648510 108101581
618432292 180655211
192971770 477199552
636860484 136313559
339875920 583359480
729255894 121931059
169604060 292697509
698729653 24046654
401481152 367631648
396445688 96915465
517644206 4671151
166745922 402643247
170976331 357943716
301368180 201237483
571390514 16560582
371686043 79560242
275643759 138816041
162317008 362604686
157913704 682963653
364895007 607013197
836710202 50648051
43320189 747825935
810966058 34322975
416499996 544296191
159100551 386634299
622075600 162416407
253470727 446404530
269823221 328160102
393255671 335664383
300198416 317654531
244522409 462178472
480300316 185568207
464291803 83417074
610652166 356632158
628823624 77683767
186524989 94292569
87888341 382485843
738712193 74910457
299791927 127014249
166387500 232691415
743964798 214624459
122197660 155209756
39762457 83311234
417544550 74370799
444497241 489739066
24 3 19
9 8
13 8
3 10
24 3 4
9 8
13 8
3 10
2 1 1
1 1
24 1 21
9 8
24 3 18
9 8
13 8
3 10
1000000000 1 1
1 1000000000
24 1 16
9 8
24 3 21
9 8
13 8
17 8
145141135 96 49411371
19921072 79818959
24781077 6436453
6870320 38559779
39124403 32419817
81949745 29631822
72323668 15044212
62752100 59904470
106972550 20506967
23122879 86441239
48400711 80847730
40211957 66706920
127734153 11479905
11122182 93466342
124407307 16712213
108340235 35457170
23412216 90067699
47044297 84999049
90578486 11024345
78824434 26183200
22810224 119251978
99036368 34143581
24487798 51673086
26062871 94073079
3522741 16221971
38432000 37137453
27045047 103862860
17922641 85140322
39635763 20021903
30789503 52044211
59184174 61640396
17573131 79450296
20847270 122619755
52247753 75549048
27001170 61926037
68942921 50678518
2814637 45449254
73492803 64361651
88823625 3178929
110573368 915600
37717952 71027290
79990678 63831447
21092805 120052165
13474349 113880220
8624174 1247665
70068900 54446751
4297437 1261761
13470277 114355574
43449903 24077279
26585104 35792627
3076221 78926796
29747556 30721472
122615004 6319821
134675080 2033064
29715797 105769681
80026940 33215538
115515518 23166270
97364065 43318909
11003220 52815284
44209419 1544919
15525696 84018950
22744819 30073787
62638248 78799870
45502344 48816807
93577218 45460968
4255549 132037305
72681763 25266832
50471649 47587850
75464044 34192793
19377485 93579908
4080083 27861061
60897621 80874761
84254329 25045831
72803960 10502021
3738526 36225382
58786648 53845578
57230375 50348912
56365700 32479485
41409632 14380379
16288810 33690807
9420635 47250228
3950689 4357684
41660297 99794134
113634023 9120866
58820569 25539978
46251247 79212931
81893738 58463028
49251599 67658147
125155899 13681407
35268197 13413871
113323317 22613508
62263593 31438873
53855310 39063790
108937135 6109705
7141833 544152
9921243 65351267
48899823 4823220
312924209 100 293608112
62900794 61321076
75390383 157761033
17441606 90981278
82037296 122457579
237340907 70798765
106620 285315644
186893098 68137787
43381402 77283280
43743085 213291962
273366110 12420778
56860964 169829366
67623072 77832095
169983690 118756019
11880343 161322141
78751428 133643912
42989986 190280926
24966931 112016110
821296 93726509
69090591 185716999
86227899 45056072
71213619 107447789
222531287 42045899
197284845 98492949
93269911 33362773
25431759 171178909
16732177 212012008
180177817 73420088
54739428 197205598
7317811 10776065
202048863 21631963
86901202 132294455
199745514 30620887
18051148 51476904
135590727 125019942
281827653 10069387
163990827 52329758
9924644 14880741
59672892 137023530
99885502 183380021
189617700 3997145
143880330 122692178
33763982 133095150
219920101 72266898
92543516 173167185
91496696 49550713
193365927 34122009
185780550 13388418
462013 4681132
271340338 2093517
90114729 88107668
42193957 121062702
79734776 90679493
80338005 201386452
82439218 55860921
186817935 27537167
50710085 85299011
151618002 148382720
58832106 211559320
140819616 151528850
8095068 244256042
108640589 198711438
129976674 35272278
204592650 26450865
233055043 46745799
102337786 78004619
90697468 93457892
76425410 196941100
182372184 12124376
220370004 26734725
78691024 149710943
205022512 91888660
43456218 95372978
126791664 155543098
20507066 166703284
40035225 76395483
77416401 52914038
52291954 252380026
133025131 130896122
77426637 199869451
7317047 71089143
10787650 102116771
282285832 26709706
158830769 15120427
1668427 87528224
147742337 2876594
144466900 150875242
103869545 129401628
13794274 63478711
166061766 59003981
101635342 83799228
40071090 271904373
129439357 134543144
71882104 163027334
29612916 243197876
105168394 108076169
261782267 45289906
118084434 2304103
201447679 81066489
152960120 14420851
119090715 73719231
24 3 17
9 8
13 8
17 8
759751230 31 77002129
373613202 335554083
305745314 415941694
375891712 113166546
188390091 36684453
32199979 62093107
214948465 212741686
129381890 279793140
449744870 224837420
15158640 284489810
367695914 375867036
174052739 151923671
541217919 200162682
219127133 318440
554031287 10986356
119628821 495276185
258533012 209078715
160355911 296033063
49153808 348777943
286386996 231965560
132630196 487497856
36052976 641160525
351390428 265909144
161562971 373453781
472563805 69275438
499791078 129888250
570095645 68845756
21406551 415009329
273438439 363612315
312993378 76456484
136141902 225497282
197100743 245130902
1000000000 100 499999900
2 999999998
2 999999998
2 999999998
2 999999998
2 999999998
2 999999998
2 999999998
2 999999998
2 999999998
2 999999998
2 999999998
2 999999998
2 999999998
2 999999998
2 999999998
2 999999998
2 999999998
2 999999998
2 999999998
2 999999998
2 999999998
2 999999998
2 999999998
2 999999998
2 999999998
2 999999998
2 999999998
2 999999998
2 999999998
2 999999998
2 999999998
2 999999998
2 999999998
2 999999998
2 999999998
2 999999998
2 999999998
2 999999998
2 999999998
2 999999998
2 999999998
2 999999998
2 999999998
2 999999998
2 999999998
2 999999998
2 999999998
2 999999998
2 999999998
2 999999998
2 999999998
2 999999998
2 999999998
2 999999998
2 999999998
2 999999998
2 999999998
2 999999998
2 999999998
2 999999998
2 999999998
2 999999998
2 999999998
2 999999998
2 999999998
2 999999998
2 999999998
2 999999998
2 999999998
2 999999998
2 999999998
2 999999998
2 999999998
2 999999998
2 999999998
2 999999998
2 999999998
2 999999998
2 999999998
2 999999998
2 999999998
2 999999998
2 999999998
2 999999998
2 999999998
2 999999998
2 999999998
2 999999998
2 999999998
2 999999998
2 999999998
2 999999998
2 999999998
2 999999998
2 999999998
2 999999998
2 999999998
2 999999998
2 999999998
2 999999998
1000000000 100 518706725
499926678 201392989
137270362 258036630
627065771 76206342
414493062 490759974
284052954 182250672
390313187 476147929
29001213 907132396
308182539 602105669
365368397 72956120
12609456 936764935
5395500 263176745
528738747 336528044
181247118 439559538
19617620 96617865
412583852 59261566
33290023 392377308
691456471 60766755
707745681 242214319
186526446 84801496
447705212 275378234
172263266 633446741
435107080 194396857
719609103 129419361
927805276 51558666
614473117 3425442
552986343 177470392
228196518 436380715
648487626 193051948
314989609 371121019
774950592 123858471
358744440 458866220
480110325 75583881
119698216 477650490
175607460 622883433
710482538 85376713
271260293 261176663
541415716 432373743
304477881 392916270
390927003 399333176
330428662 484401462
68103096 856433068
458845372 135830357
336216250 417456827
265126811 13864417
257895030 624568348
357937684 464939250
274034389 373703869
101546 325204227
490428644 87661544
172405498 441622222
221283521 112137684
90975126 383785144
3010266 979972665
28903259 704669034
375265300 82690272
246290836 118373596
153537671 145635437
1904943 406844291
627081223 48814206
237826453 340685006
442157086 219992062
348712139 159304042
412381413 119070145
151848244 575697704
440344502 457341670
36947915 186392415
797532500 132604500
196312867 533297048
243449825 632670697
244400283 535804119
311746870 546987180
345195215 195546438
758413941 2931601
335240689 544433699
449354511 162436115
612330287 330854104
277054061 578203346
168686983 761995546
316535125 504723451
545839519 193045632
185065801 82363823
477995608 454616256
441435653 142798557
481515526 103185623
144166644 112593543
587643865 203851010
304543329 579492049
557619465 376886070
98191557 734392904
134855514 407943010
290033149 36507217
254425181 246367132
528397832 360560411
171551754 727918629
410825530 156479962
450290284 481227713
6791634 211308014
611692509 306129801
184687535 752455530
790499587 85227578
1000000000 100 170497171
258505998 157311422
422584450 279948907
106477914 324943845
411169253 256157159
248511251 536934934
429210826 181556784
496308850 378268016
237436298 441030126
126788277 169072308
517817737 450804078
590626181 136600936
217362512 161424049
112721519 93013131
115454068 852428957
875842958 66085677
153084602 458175011
59388492 205262333
775504075 44831991
66296728 138906582
355481806 258544272
169201316 5376785
650485446 173083113
649127331 218411199
294341457 209663921
458096903 373528337
29973605 306916300
150130462 715538490
399605952 472485561
117586228 540857789
18932156 360915291
718054069 163822805
368195731 625151782
864278765 1457796
61421364 855060334
250340340 305909408
607111892 231263363
291220983 38637031
230833984 528798932
407607390 160756689
395856668 598467873
23302548 369700256
214286724 9900741
172794177 333873846
96821210 99642011
320412666 505418022
867839925 7781450
261740307 212572462
449338500 426173371
382343427 237458701
362560663 67724706
225452554 298519890
836345146 53807687
47790319 569894103
796118092 169891880
514630003 173313906
351809658 417216601
249645981 647127980
872437276 121983974
296056774 162407379
76531415 638766656
444322661 252868608
27149694 318513533
278991362 661315736
622689743 250762599
394084638 588952709
205972998 776340927
916060733 48877517
94544434 411334232
122521476 133585602
622491534 94789645
465947734 342490990
650653139 311581861
300941676 40857285
139427024 600459866
22535834 364725169
203386620 141518778
568632537 178061661
338015044 636040369
31801543 220937437
586043622 95782124
537830313 377411818
307913812 153596402
557060429 263235050
587503805 342089477
833150926 102609364
107369863 387319328
847803012 86535077
20701894 913520848
325137910 500640754
766216054 174312345
427425290 48093852
545671252 352549296
455091673 392327696
570718566 278755471
94502586 641558415
40777587 855841974
336649708 224779702
136571643 374018741
388517286 446646188
598567228 326075225
24 2 16
9 8
13 8
2 1 1
2 1
1000000000 100 778649898
163290578 425296184
67940129 292565800
307669852 657018005
455753334 443331357
344579056 366880132
417309979 473512593
12296929 770942541
167029788 27740715
537815387 165969126
620315489 256912584
492438208 141233443
47375469 424742838
259988898 538798827
88226462 384867302
393893166 583563664
41378251 332410873
275614534 85774515
287825377 292864937
62704797 503500047
280344469 203335453
398424655 116297975
433023076 156769502
107235772 298660933
388279013 272102011
550299499 422707898
72762598 720951556
93162097 796542118
29561355 449801539
323378671 486561338
178143536 294175000
525014521 380878094
456373201 411487866
730568824 189822355
254560935 358565794
57108375 222650301
503097623 170067431
94746829 835007054
179031628 626343123
597485803 379061708
636820098 62694102
328529445 480907262
19795365 748957579
296332111 226819405
487130129 195379558
232995646 620697659
258862034 225617527
219278958 631891381
440966302 185963936
710395018 173554164
87719987 863911630
60204097 120542713
534467271 155908168
311818178 103011567
244853838 292313376
441847422 11779372
671573039 178759219
696827631 51754948
163936613 314311529
631912951 209870590
374975587 52230368
105391453 588032247
479563562 200906579
974327071 15595849
744331280 56471074
227264225 513163467
541332110 423091941
1226570 602647926
214542318 344898789
693668388 233657226
803485893 125427313
165919162 735005975
478648701 462229184
525411121 125579449
46092910 913805525
782367448 22026488
237792865 453023103
58006319 116982379
211616044 597344579
474622418 12540759
951036958 48127326
540197891 330847061
108865120 793748085
664241024 221172805
286739786 299272712
85690411 435979728
314171081 191144174
460994834 350023152
550790376 393400192
425568100 135188366
674937494 319037357
199570453 470618875
196153713 125304433
255348722 50825698
635626110 351798019
275952209 538020416
447613323 103343755
99617796 712225184
718299399 172171911
370201117 125331458
593529728 376428396
24 3 3
9 8
13 8
17 8
1000000000 100 758969909
519838986 447445906
514314232 260175613
25504562 804427023
418801445 466795423
65988965 825672533
201893040 86977792
739618697 107290644
478451366 373420168
47424996 34334855
235658102 557863521
426227921 47495958
536642298 385765755
144043249 565870489
489627677 332844801
139624534 49374586
607000746 270205005
695656574 16457622
253743073 353198353
498226214 398936484
98667084 743294606
2346679 728060904
151639061 60205398
256350625 225582383
777216907 110408357
438625212 122917472
551352543 346964687
217899805 336460588
174636134 477987347
921488455 18249706
234850636 403441541
574905869 96705670
73064827 793694064
511126474 171277449
72215599 380872777
217715762 781220987
217769257 555072271
37108628 590386830
98463322 222233576
457682293 81005378
130774989 324247066
76244020 267842603
34078490 718308295
454162815 259474543
606369274 84210971
340963247 409883266
209013700 18221015
69120116 511805967
496681048 186065016
730532052 107975108
395227545 497564041
94548751 184653438
786293045 141225861
39029463 512182535
342645411 398625971
188630304 779603334
563579744 37100573
558320543 352722394
410446975 278927497
43711758 849934994
579173204 88061509
69509018 326037883
184037555 697522773
551724871 418220078
755107582 243978460
218723250 414249133
413381723 224728338
833521472 149010108
174179981 72467324
696136393 154854168
584902296 240760058
236517436 149474593
302201191 90219983
190166202 111584854
171839865 187626295
350600645 438077685
317816312 51087292
306000443 27842863
159986447 594791691
752969818 227979218
604146614 278857061
269364523 679758682
192789443 284497119
403391237 62668153
185119068 655762743
265471757 229020590
485665073 195247830
483200023 434495308
611617134 23327118
225749114 681935127
95490398 169612381
552351011 349661957
618126248 181799869
339410752 79721097
19180565 950255283
575671895 147487820
74639923 241848833
454844944 25601512
218111142 514116267
374111526 623696042
133166611 202352890
24 3 6
9 8
13 8
3 10
762567982 39 226198770
99186475 287772092
89917539 657337293
728094408 17823330
506234801 67798697
231334301 127900541
324833613 216449485
63435141 442803567
525285925 184589392
527351232 56164439
452506979 223363484
457910847 304113919
474074045 58708596
512846766 184618635
271517127 299707369
25777885 563663964
24853971 93751317
403055373 262480528
619167384 90983527
475662476 226129471
85200269 326068827
109177327 273523834
288950844 459123273
201237380 393013177
54036662 397141334
107178515 649073377
141063341 305615048
463470430 296480250
734589794 24884457
346535688 290163018
50060968 432132095
7523009 157226841
189448527 111341896
109190645 650330184
385780923 233311779
228066935 123639986
352554937 395188776
11899996 135953454
494380621 14287165
427827853 94673138
24 3 23
9 8
13 8
17 8
24 3 3
9 8
13 8
3 10
263884607 70 38652519
99890863 113556766
15472269 199947481
54848592 186653709
4322335 109684601
72999151 109618905
30141604 27647438
171286445 15307379
109417140 88921646
90894597 150360448
123165325 40675923
112779832 147936255
78051953 65873424
5630409 127559222
18699424 2326058
73072180 81219467
12769115 31776548
119870167 100164434
118879885 12836075
73363610 52393512
156141336 73435642
156944784 33104808
85380856 19792497
52619098 112358275
16280650 139273561
55704274 82355608
228946315 12009134
10309277 2715847
49140869 60944835
135690296 54534905
35671881 67994578
143328871 24958213
6218752 196347655
35616100 103797511
39804437 107392144
94675585 138980988
221932788 5027774
10125884 143166951
66280814 82065744
117578833 99924486
174264774 82539791
94137324 156495492
131730311 100477054
157734849 99244749
100839800 60779009
71562813 64540954
49705424 50163873
50234958 86991105
240150589 17147078
228395968 13577486
42602114 140055872
127055478 134336021
63571369 4633769
130153549 71089537
9954656 253117525
86083043 41792852
92101211 85418069
60817461 74739182
63082205 51843831
75003403 58600804
97540129 7688144
90023106 98583685
22207440 25092811
180668345 33601328
50914526 35743115
147418573 107910813
182180372 16840009
61751163 152037488
71405469 64223235
124104025 48716321
67864028 79786334
24 1 5
9 8
24 3 18
9 8
13 8
17 8
24 3 7
9 8
13 8
3 10
24 2 1
9 8
13 8
131946267 81 33140579
4281994 32782581
9511711 13357166
23390774 29792133
49932550 27720308
78963342 42639667
95550273 16422296
72181615 3985207
28441306 34458356
85582725 9217246
36785319 16063794
84656062 12680538
47302121 30178065
102743021 25614721
64810771 37832349
15127572 40657661
12585477 21126651
38528035 53803113
57457790 10978718
22371038 5383433
54425674 38007659
30544021 40918832
15882291 114578568
74508350 33328315
48746107 61337302
25439370 43886167
4189096 47417556
8756676 79362739
20694314 104015602
9861792 70278607
43758956 76577548
32737720 14118886
85460035 6260770
15977187 52857400
1053009 46388910
20743241 39514511
21311103 104383801
77712217 472122
12193709 108852018
39111564 53059812
45411912 2064765
14412759 41898732
5398239 47599891
28540177 77969396
58901000 61625733
115676192 3750141
40694294 7276226
72149159 16537002
39725332 18609905
30738059 80221264
88944840 26088732
123143682 5024621
94034649 30479647
80611439 46192253
56369202 30522545
44293414 52677860
105477013 3131510
8748605 5204314
47158272 50141424
42365607 40820933
92227686 10012162
29799113 14104439
66727157 35360498
11981053 59384369
28897552 26537930
55217730 6654592
44231037 26688177
17944441 49099885
56228531 65546177
32101028 86773127
3720369 17332891
76022236 3923339
83709236 24404427
25121362 106171459
79038235 39123556
72581184 20750890
53198458 55463693
241714 51196906
58331156 14809843
3233557 107799357
106870658 4666021
69041548 38525403
319528078 48 124005818
6172442 15006013
1408072 142586509
98272335 173134527
205902338 81458996
111608504 34192978
53421518 19762182
12742115 40411708
179186513 34826200
187220244 54850040
158737309 116009222
138710180 42792802
152253499 128038473
68631250 6701399
126795857 146373518
58379714 161102732
85256938 187685344
193821376 15527766
14072102 101750854
291122212 9333221
219342211 23227624
53353439 240355595
79399953 129213296
48101228 10424021
259309732 54902496
4990112 194513706
196557336 337069
80609994 4842182
21621731 18183374
130210252 51522270
2828000 100027927
14070979 92623283
54682380 124813150
128275149 76235336
92999370 72818140
66910271 217017191
108247964 101956702
33024486 147527620
58025727 207450720
143539467 101731069
265567765 31201981
76639632 7052766
45322239 149422288
109348986 48396207
24308188 31970861
13751640 264948978
98210943 12494235
83505251 63176889
64509137 251509217
667365209 9 37042815
414369009 194232546
224104941 193982934
482918094 36899475
28107626 219777317
337054978 314541288
143881575 496860008
225824121 62668736
30455204 274679756
3963125 199715541
1000000000 1 1000000000
1 1000000000
24 2 6
9 8
13 8
1000000000 1 10
1 1000000000
24 1 7
9 8
24 3 13
9 8
13 8
3 10
24 3 4
9 8
13 8
17 8
24 1 1
9 8
24 3 23
9 8
13 8
3 10
1000000000 100 303361663
419227243 134211338
271782928 168269431
3173029 336404911
194255127 598423446
188606197 661933231
106157031 831186908
419483214 79509951
282326997 176691498
368837744 396988218
410201746 184889325
112299450 743074762
723697747 156500114
133091103 39387244
29607504 379854920
384118478 226057978
544468570 50233452
272489030 724677349
286217689 93854080
39230426 233638984
560061625 147077003
249215563 150888623
764169972 145526806
301690153 619165926
353304165 592273659
218989833 600339800
226829176 298245547
25686045 3332540
183806449 103851383
563760393 302981498
227342076 318501015
65312350 925140264
31367415 409460157
184349837 725253725
744549066 69925806
12846409 826703180
485410221 195575720
178100534 731796173
244805136 708531349
484648133 45180792
22209892 964884869
266789453 215348307
173954220 564442064
61934401 228996386
482615606 224623438
210780917 36916900
390255362 523030760
80124465 325956851
371778742 206003181
518321994 137627762
339527219 173640443
737745228 104785383
327588437 380193077
287609410 550016690
393239384 256224393
286304040 379223576
618626623 173929912
595420845 389715373
360423072 53105717
121927661 734745969
446019807 207668701
226177416 670370953
18906054 624727204
269008242 205430726
374155779 249997059
704348482 40182794
570792134 427759158
121862677 54693525
425029068 569032494
447091976 337504495
562380663 185896228
104187400 652117388
296358220 167739841
761682018 216256254
162147466 326661918
398869355 384788654
934560900 38474617
30867889 817852821
469137921 437109637
843713310 100514462
178309022 581089366
40758626 696351748
744888758 234228475
335861712 640955950
802393118 74196508
686111471 200422952
16684049 23937409
271581602 665490870
216342369 450728137
139798657 703175245
93024638 152789818
32437386 572522397
583622119 70554665
154639235 389824709
164054813 220747227
371149060 173022213
169774227 823361183
372875784 267224835
157759936 394689493
631845315 196339906
255720825 618553155
24 2 2
9 8
13 8
24 1 22
9 8
24 1 2
9 8
851032575 48 157576267
398786395 402542129
64099214 535416131
149681464 287684642
181618250 94107043
53967807 358590018
77755490 281794708
479131195 218534330
48704900 152928064
114777813 531778826
535320819 23718838
284430751 227539640
631476022 71188196
81480170 33743918
103535437 336905029
219858292 485247069
88447443 452706579
599224596 11219408
31157364 312913092
353861741 466159555
286806343 49928454
89968544 511398893
281227074 315806053
530232415 6960005
198583979 303651989
366930327 213400550
336314836 80068109
394871397 235709599
187760135 651174228
54707296 455231112
505432441 279546718
107599064 117354526
592033069 244019539
258587780 452250221
184397975 489223949
131877854 552740342
244277371 172965793
144181278 619052336
239796156 565967927
122827053 1277718
609447515 45739049
350606353 182068821
377825358 61569783
136822383 565430063
236275507 607367024
17876179 664573587
83734743 670132016
393902744 296954933
408506364 83583866
1000000000 100 894739101
905492724 18303337
554061312 398669743
532747261 370707155
234545595 57558279
225402447 272176107
37843112 465194793
90399404 253478161
374903573 568700326
427340333 207821669
631023931 279877118
398977768 69199686
476609529 81660830
55455165 550626011
529011499 402696787
158894297 653587262
674864814 236320439
15193271 449021811
712729474 135203252
919074663 34562060
687890543 29810945
72834984 60536299
161465912 219432100
310300783 136017195
676189732 42293507
452866998 457293630
180163068 394153837
291160134 574957611
106736337 505303721
406031553 52136217
397035040 387117631
491729101 132445365
558918653 160693449
296314323 130996325
622486215 329214970
503537662 22185513
14171586 945101202
661015280 184918726
406141970 588160274
42746790 29147374
797466503 201669927
13195438 591358298
662967850 261075708
252836598 436074742
71794793 61278018
543932507 195792472
284660075 542411621
216549408 130976843
649787825 44791273
30989287 390765771
212657709 244520926
82260662 895125436
175511089 104010915
451380643 496591611
114319265 700090889
366827442 155741185
391631490 289696267
306351498 278232748
151962201 330862581
205015350 416730355
845635880 6294667
346681427 353224460
730646919 137144250
659481636 339666924
473699814 318412890
373978339 450147158
759407568 182845509
129699893 638793529
472664105 482430651
690807203 34674987
125434470 91521271
195906343 92114434
336505498 278369621
16015198 102292990
816094694 155685264
568614489 204732817
7390972 684455658
257523832 310491153
457953939 468551678
459249332 212778361
140509556 763672850
37876114 72429729
536389477 309337837
204594437 79464779
233453942 613803704
312523726 45029357
325072109 568891605
478510300 436579525
440206520 95653391
577080290 191642234
473525920 154424398
269743164 325496664
139177171 323124730
295141416 483501602
393291391 45535496
105107807 753751172
35720445 874573876
29212974 673806389
692926359 76541215
545854513 289191823
510483101 203720473
1000000000 100 828544756
603273984 186749009
164878172 409052270
56692032 759769319
215383538 672709670
429032340 321035974
545990324 23839539
716157844 95295622
621184592 251419161
366491999 458843041
170203622 221715719
20337746 752738712
261206421 334225264
57074937 908957210
266521038 471959225
291061796 114078235
297432851 399871700
223533386 438132161
154650375 805420420
310060255 83992679
150941300 432527654
479962101 142138970
351002913 375871115
567304274 195404086
168839106 822840356
241229076 650068591
168180779 621902019
875886333 113627103
491361274 480343310
499387258 269044790
118205155 138000142
446984159 460497080
189632515 601367790
755392112 161184747
659358183 52715070
32942183 237111513
14267572 229963261
38712071 768119454
744507803 101574761
203420829 486806785
858256587 97153534
291638959 675206246
175273150 72842388
72683261 557761461
444804039 327389050
453973470 341119341
675567688 106856888
87687261 31370751
253451916 346098866
652336295 123870391
37222900 842538662
135784864 371108077
210499903 73955742
454714106 465990218
676599879 132976124
749921515 116833894
105917114 720671291
255676105 530048109
630198886 161973537
465410276 81732397
422426885 387892405
194437586 232568651
263402251 8103200
287215141 583665858
710243080 217216775
382400459 568340960
89713136 112020190
197628589 322719471
324637992 195578448
159880249 146498403
90685288 465146954
448904728 327111268
702285305 188705981
362811871 483556207
33230534 926627879
569104601 245851121
172358574 323626679
234409688 287352124
196917287 479374164
367546893 576662330
70326523 8886875
267995066 593218600
68873599 663861240
595831006 43838319
175255407 224870159
427339491 416800722
293207105 450103169
469489389 449240241
133134423 82752848
404249998 121867783
644086000 324297767
468088308 282737760
616699474 301609554
32784810 837361567
133678278 608473053
22959780 831129755
283633058 240576356
290523032 336561627
137616409 111420741
202720480 762313237
393613772 384181516
285420221 50 11544965
91017818 117751263
135288080 107369686
248848032 25016967
75237872 52629936
104103115 174525266
62153328 96331329
147139561 13029640
87674242 178112394
237510727 11467695
119146150 125688663
75043854 136054145
260016743 19167173
192056370 14152336
226608079 30978345
207975938 54879783
17683984 205936515
148281882 90249200
80040879 175772461
184445174 71751752
44212287 78976866
118572270 107179121
240942598 12756512
177144236 15967697
44463240 224947819
96340564 152272852
85251491 115349362
208299418 53894212
126513076 43405052
65599567 154632070
146876852 29830445
191523471 55807016
134875829 61236053
76490484 48645056
95616723 136039391
18469071 135758745
64028622 16724593
32681268 231353949
21971195 144777341
181303240 958347
14799684 50583583
262549984 7447783
65679140 210896629
50253177 85560819
85352176 21280198
26601473 101653446
83488857 126030185
237776658 10985622
141094223 55090470
78849026 77183862
75206448 199220143
24 3 17
9 8
13 8
3 10
24 3 2
9 8
13 8
3 10
189298671 71 88998806
36057006 148305457
162197765 17168168
171262177 2568413
61172697 7771709
114074894 30091090
6762000 8007158
42401440 8271784
9880896 152955497
143040244 24645829
52035742 96339409
124795357 33809148
32055057 91315064
21877464 116400376
43478217 93170885
14267754 87173773
6352914 156243832
140958056 23261250
121029866 13596097
80977329 26065052
455013 117708521
44891068 73848272
36459397 10338499
12046687 169065945
65714268 33693823
93016117 70294323
27362059 28291877
85818135 2414907
146560979 24622174
78977247 54194173
10408455 35260350
8901795 80147220
53981910 86621429
22674254 92982412
62684787 121288213
11985631 32545395
62512578 20326746
111782664 26309536
36932130 26341572
129504032 57977048
57844064 113335034
18986455 46376744
12618348 101851015
67267948 37367917
26176682 26112151
132034304 53119896
54194376 85442898
111693889 73703021
35941540 67571361
115356293 48198611
11042160 126617469
175367624 6656963
147825884 1572450
62547077 103008859
13347209 160717295
146814470 38925489
48174214 81064430
32143129 23996887
90035937 67458094
31877175 10690290
144245354 26156149
16550588 155928780
55350840 40003379
137371400 5632760
31666363 126252967
89623203 34483942
31988921 154480175
68801479 96764204
82485587 81235821
81786116 42320369
100949913 58562912
83116449 27674777
24 3 6
9 8
13 8
17 8
1 1 1
1 1
24 1 9
9 8
24 2 13
9 8
13 8
24 3 11
9 8
13 8
3 10
764247961 25 758950172
266905058 345275290
428820074 257308722
42563063 542707879
295847071 104043388
180360386 25464184
450408444 237490982
186734111 471419182
333757322 64682922
68050072 377900571
259933873 361051478
189210709 343180121
641406749 17516665
210490805 311873549
41050609 659869727
288214870 271797101
121070080 191480867
343032360 386894561
76606510 401286968
547220951 92501996
276985499 343195130
101693403 188604809
109891316 111040784
18269 639032074
401812150 10071167
216186328 429789695
24 3 9
9 8
13 8
3 10
24 1 23
9 8
24 1 11
9 8
24 2 12
9 8
13 8
24 3 10
9 8
13 8
3 10
24 3 7
9 8
13 8
17 8
24 3 14
9 8
13 8
17 8
408101445 96 296975545
123450189 8166714
87071625 104943393
89673241 152448899
256259657 61292112
54680105 137847530
49524778 63312509
26495779 68773483
238222793 99336437
47829134 283044059
49632616 344555520
358275532 48880355
157356168 118973897
118990931 185445715
56570523 184782730
45373258 302498903
58398243 312736486
113527123 200478507
157951526 108008516
232831140 68594677
194363730 184889501
243836721 136530130
49938364 210533289
256888301 42403135
266959904 78209955
33042631 320373661
272670435 61314583
44340259 39986961
195933486 135157190
59785655 71104947
142507199 133272494
305756691 50992286
59038498 259276165
26966999 203647865
24092313 197860623
127023382 48294481
78089265 221047356
105944523 87933550
74899593 285367794
159858140 170320743
29829497 103382065
65043692 333162890
49791636 146932386
33036404 36174334
175457127 70692639
58724298 65034384
282374203 60286540
152128996 47515214
20675447 216191536
171829749 156019664
65677662 72363253
357295457 13945410
164411489 155964972
23066232 174545768
125486367 151606174
182149927 204064591
157994005 237882152
72240211 221603405
241254824 115133109
6768060 334283723
166851808 189046193
136611486 271120636
180033961 225798344
71885630 65802928
45880878 88036818
309069887 27287057
72278909 302224806
394154900 6330022
188022067 35551051
176945444 206165367
50680853 291113428
46134182 81923447
54947825 201914791
91839463 58314867
250081826 115695574
152206499 60535083
49373748 335775037
133854730 141822190
58498286 94751664
378531662 3468666
87030531 154555646
237621882 164817794
94545606 44593507
110907121 281442792
108632097 187267521
233522788 144890400
259021146 91740763
199281398 185169783
231104872 133959763
253982922 88095590
47694421 157094204
33599107 269298831
118592713 254394579
6547820 119784495
117971545 197009638
249835959 105421334
48614585 50196934
1000000000 100 993972510
590250503 73497047
55928499 320393922
376739599 338909665
538729564 290019473
11794260 575843239
312155706 392597238
6943278 881010790
132412431 251290606
226026540 460151733
323737784 156848791
100392181 183400413
308569202 431402661
415335553 344170396
266689538 453927906
304095790 221567663
658213472 17772523
105928335 499987693
570841244 263351135
441202631 76476401
112045794 528680030
47422648 181375026
60421562 528400262
248624921 57333954
148693261 831071264
500140834 367102751
362604425 361040728
36181410 816615409
67702022 773578112
384633512 309451668
352426869 610049087
546435822 45554551
456188843 78611647
329007871 358151165
463236753 421156078
103165671 273304904
317748321 4382878
112770705 748748041
267437077 642903598
15648260 9607294
197173421 232235483
214319966 711369385
341711978 600412432
517964948 138450792
376678237 137347992
843685273 125411474
303590960 87271380
808381284 112540143
29996504 44206413
161968537 658962911
767327661 216238891
67574180 17394204
229569515 705410592
287122559 346415811
781231307 177153782
90732619 884841766
132967271 780425758
180801281 808533886
103792258 895070385
400386748 225769897
630640628 368280622
118503882 792325512
501298680 158907168
247559141 220599460
117155852 315605622
494679118 79104660
600245112 95858010
340888101 652322450
184492692 790581474
62570582 533572601
164086274 241726292
662859426 237124114
504056070 79773384
315270964 330347370
429404473 121989278
29829085 146970627
151493082 299562715
879320781 98269326
20287500 708819814
749729663 226337784
166608756 537683674
698965499 10213967
372256394 387720658
33805194 420924858
556943055 348857332
340943944 471630927
647406620 203412565
293660720 315079505
276175944 654927578
19096973 910222532
199202626 612701570
498351567 11379488
61461457 857813711
45687390 29871525
392523237 540290751
252312844 92428088
239049585 310594554
122056715 24327035
335023955 509140119
980532413 5039344
399145804 264524837
24 2 20
9 8
13 8
24 3 19
9 8
13 8
17 8
24 3 22
9 8
13 8
3 10
2 1 1
1 2
24 1 15
9 8
24 3 1
9 8
13 8
3 10
24 2 21
9 8
13 8
24 1 13
9 8
24 3 15
9 8
13 8
17 8
24 3 12
9 8
13 8
3 10
24 3 8
9 8
13 8
17 8
2 1 2
2 1
24 2 9
9 8
13 8
24 3 10
9 8
13 8
17 8
1000000000 100 149355250
211972690 678917609
50783323 50243515
860839720 2967506
147450853 163850334
58659052 920953468
473058995 178398991
359262378 460236335
515195283 199873689
736177442 185920015
561942547 398372386
322881294 289663484
958823876 34551815
221898011 445167994
648214487 96141229
277008758 565903760
209350170 177738601
204742062 631893052
288910417 144419588
411712557 166739516
205599347 13950105
56595012 239854157
126981311 84200106
552246275 11126530
31050035 554207690
543125508 344266789
840621066 29804265
194588194 380545980
134643147 765401309
573256006 213766298
630868778 184839596
27178780 706243426
796102521 195510057
390122928 580772448
709166306 30083794
264234743 28423245
219797241 238638564
443130711 427354307
77933279 542346084
43370562 186847775
133211033 320219696
71254224 308432604
28577164 609886984
366088742 159562776
424037344 303526517
661753460 272938447
175412744 580169871
426580481 106447821
130234689 73953714
101884848 649807506
95295142 279207108
639785072 334028347
562614473 117511966
54171000 251164273
478506472 506919718
224894927 83230461
737892176 233315420
204385008 526491152
608209872 130341349
170963451 199969526
74899750 334585637
137415180 213853474
574414332 38761765
102201919 96070875
148984227 134488739
360041358 93487638
136378705 108832775
731742428 179757285
60765101 270193902
458841111 377955706
69416640 187314505
549047369 60628449
484647556 503164880
56508683 388765610
888625080 105130736
356990013 281582952
497337557 239788669
387735726 9031880
94591788 714574956
244406658 473087707
477528570 468325390
248073772 601637978
289012361 523740403
483151816 471477473
466674656 410313624
67055230 480487046
73424013 538159834
779567729 71713502
807375489 7928974
411505835 24408898
719957123 253600249
292307697 348780486
7983217 642740738
106016276 608740736
63361745 405806950
667405018 65274436
111572022 639515957
110582344 777923664
839086339 140460106
37379002 672445544
169657709 235733664
24 2 10
9 8
13 8
24 3 12
9 8
13 8
17 8
24 3 2
9 8
13 8
17 8
24 3 16
9 8
13 8
17 8
384980294 32 175467139
64931821 123637643
81142166 250513673
43149930 105216726
266229044 47481327
74152253 273832432
99047454 247957361
239035593 111825160
63811082 199841116
228113058 107699629
46798878 235465184
81223088 260429710
270534123 39608071
8668689 286571908
68038482 2152198
165600020 100460967
55291603 69960370
108881416 153629743
183502240 9783823
191054903 99661611
8978246 255679258
314800453 23927183
87024684 165885199
356152832 20239128
7031567 9281042
329083196 14971124
331169356 31386098
57901184 190034290
264359573 23418242
117450271 222406357
62578988 298057253
22294872 111088250
223835472 122695351
24 2 18
9 8
13 8
2 1 2
1 1
1000000000 100 492033646
346561078 142673941
260389631 264819045
139712208 838246335
474234137 376943867
77603548 735988697
243758727 637615784
301035678 648719005
501385568 276361884
360529314 183974579
393417381 29571571
406089076 336768436
491998088 103810394
449124470 285457910
1855950 958045989
662245212 217312797
244295079 163290472
112379883 418558208
302681212 185511680
459231618 285135712
65731632 715961833
495052283 80822998
296692429 336885800
560780029 305036413
201832262 341576369
537653644 341627683
335957811 514435139
429073434 91204170
67217458 236616616
544869090 80873348
380748653 408469333
530954000 217877072
751573574 114761510
173056996 814153922
325925626 263317159
268601576 98497895
276998264 223704348
19514103 606565455
282689043 124163019
205282969 51988970
793507857 175233948
282668940 593899038
508155645 404423229
162229675 400293171
115747760 27685926
20643524 133230584
385142825 416476338
323610898 150071728
278621917 177737726
34181964 567960632
358682925 69059127
3566463 808638430
125557897 325115659
682169678 118221747
588921801 35957261
579999165 300646918
170972624 217775520
80644137 851862119
556170416 62339373
106977108 310157190
942227771 12221873
75262341 335704747
336359470 418091592
667980454 16280035
482735827 153788887
774150895 16537386
114304841 621939544
458250611 233935140
105730736 209682563
93903494 296865828
11534907 206775308
793813763 164652813
91675495 493765876
689029741 188908687
45104498 239935466
45666708 723576461
532007347 456764574
153580479 493766597
208033101 245518272
322764260 31196784
550706084 254393879
382481928 399474480
213786941 541619333
225674127 574112123
104333326 569486607
249872624 556348775
90892520 354163799
531237484 387855651
144516157 345769830
90561579 758939284
188264803 810053705
298158003 641106782
43760349 885459464
70781681 133493979
112769495 194057726
347605499 59667920
662452212 255613142
3269009 135295129
91309975 367870159
424882174 144177217
192978645 805032667
24 3 20
9 8
13 8
3 10
24 1 12
9 8
