147
24 3 20
9 8
13 8
3 10
24 3 14
9 8
13 8
17 8
24 2 19
9 8
13 8
24 3 3
9 8
13 8
17 8
24 3 10
9 8
13 8
17 8
100 1 10
1 100
24 1 4
9 8
24 2 23
9 8
13 8
24 3 1
9 8
13 8
17 8
24 3 1
9 8
13 8
3 10
2 1 1
1 2
37 2 17
5 8
37 1
24 3 7
9 8
13 8
3 10
46 53 16
2 2
1 11
29 12
31 12
4 25
12 11
7 29
7 39
35 9
7 14
1 12
12 6
3 31
1 41
13 27
2 8
6 3
13 1
3 36
2 30
29 8
13 19
19 17
6 11
11 23
7 31
17 18
13 10
3 20
5 22
33 9
7 24
30 2
4 24
7 18
34 7
23 20
5 24
14 8
11 12
9 18
7 11
30 14
7 39
42 4
15 4
24 10
28 1
39 5
25 15
21 17
25 4
6 38
24 3 22
9 8
13 8
3 10
24 3 22
9 8
13 8
17 8
24 3 11
9 8
13 8
3 10
24 1 22
9 8
24 3 2
9 8
13 8
17 8
24 2 2
9 8
13 8
2 1 1
2 1
17 22 3
13 5
1 17
2 12
1 15
9 8
2 2
5 7
1 4
5 11
6 5
5 7
9 2
6 12
7 7
5 3
9 2
8 2
2 14
5 5
2 1
2 2
14 3
24 1 18
9 8
24 1 20
9 8
24 1 6
9 8
24 3 7
9 8
13 8
17 8
24 3 6
9 8
13 8
17 8
100 100 66
69 28
31 62
19 55
1 95
2 22
13 22
21 58
11 25
27 53
97 4
10 2
54 29
95 6
18 63
28 37
32 8
51 19
62 6
38 19
4 31
49 8
29 50
56 32
42 5
45 40
49 29
85 6
26 48
63 10
72 20
24 61
21 73
69 27
41 26
56 35
59 8
12 9
12 66
7 51
39 56
26 30
44 33
56 44
69 23
7 37
24 8
44 20
17 28
33 5
10 33
55 45
70 5
49 6
61 5
63 15
7 91
29 1
8 3
52 35
20 10
63 19
10 7
20 13
1 86
10 9
13 22
16 6
74 6
67 33
1 97
37 53
9 33
6 27
76 12
69 32
44 57
82 15
73 27
73 3
14 15
35 46
61 5
26 28
55 3
41 6
63 14
13 50
5 50
31 50
22 75
34 48
29 48
10 72
14 68
21 53
12 26
11 51
90 3
46 13
19 80
24 2 20
9 8
13 8
24 3 19
9 8
13 8
3 10
100 100 56
58 9
18 60
8 15
24 63
72 21
9 1
30 22
31 4
21 7
19 27
4 46
18 62
25 18
7 79
76 20
40 38
19 7
54 4
23 76
38 56
47 20
1 75
5 2
20 52
45 56
14 4
94 3
71 18
6 35
20 53
7 64
47 24
34 10
21 30
10 47
8 8
24 75
89 6
68 28
33 51
1 80
35 58
95 3
22 42
45 18
6 48
3 70
15 38
20 4
24 26
54 37
57 5
54 47
40 25
19 26
17 30
18 26
33 53
41 41
34 61
83 1
94 2
45 5
27 62
12 36
6 83
14 70
26 38
32 58
4 51
7 16
11 43
49 47
61 36
30 30
90 6
19 58
18 78
8 18
3 63
2 84
26 43
3 22
10 83
71 23
16 18
28 70
11 60
46 24
7 56
50 44
56 15
28 67
2 70
65 18
59 29
54 35
17 51
10 54
3 4
24 1 17
9 8
54 52 42
13 5
12 13
2 7
41 7
25 18
33 5
9 35
18 28
12 19
14 10
14 9
2 38
16 26
41 2
24 24
34 20
43 9
12 43
17 14
5 6
3 27
45 3
7 47
13 20
22 14
1 3
22 14
2 28
17 11
13 32
11 24
7 32
2 36
14 37
15 29
11 13
16 16
27 6
43 12
16 36
38 17
48 6
3 35
42 10
31 7
17 16
13 16
3 17
37 10
15 29
39 12
23 22
60 88 6
33 22
19 20
42 17
41 11
43 16
12 9
54 4
43 2
10 21
18 10
58 2
27 18
33 1
32 22
40 3
6 31
10 6
9 15
23 28
28 5
33 8
50 5
13 47
23 12
7 44
8 24
39 21
46 2
13 34
24 37
15 21
28 3
6 10
30 26
6 19
34 1
8 31
58 1
12 27
5 31
1 7
1 35
23 26
31 22
12 23
32 4
14 15
9 16
19 20
9 39
14 10
11 8
38 11
10 13
16 3
17 35
46 6
40 18
13 15
13 5
28 32
31 24
38 12
2 54
20 5
27 27
19 26
7 3
38 9
24 26
5 45
49 10
43 3
37 10
11 24
35 25
35 15
1 12
21 28
8 8
24 5
18 14
12 1
20 24
23 24
1 42
1 58
33 3
24 1 16
9 8
24 1 13
9 8
24 3 13
9 8
13 8
17 8
100 100 49
33 35
50 42
81 4
79 13
55 40
42 4
63 9
51 6
37 6
48 38
34 17
61 16
41 8
24 47
58 3
5 16
25 15
90 5
28 8
48 18
10 79
15 33
41 50
19 82
30 29
37 27
12 5
33 68
4 85
55 16
77 14
72 26
9 52
68 30
31 17
28 33
73 13
48 23
85 15
15 81
19 58
38 58
80 16
9 49
12 7
34 41
79 13
6 26
45 49
51 7
18 41
34 1
9 2
16 50
38 28
59 37
19 47
41 27
15 53
23 74
10 30
49 39
48 43
6 73
56 17
9 52
16 61
55 10
56 40
8 47
33 57
30 71
22 60
21 54
7 39
63 25
28 32
32 58
17 28
82 15
52 23
25 76
41 17
56 39
15 63
13 39
14 27
21 39
41 52
66 17
70 5
16 18
40 2
15 38
3 47
69 2
54 8
29 14
67 2
43 50
24 3 24
9 8
13 8
3 10
24 2 14
9 8
13 8
51 70 47
18 12
12 10
22 9
10 23
21 30
12 9
39 11
1 32
39 9
22 3
38 5
3 3
38 10
35 3
23 22
10 33
6 45
17 34
9 17
18 15
4 26
15 21
38 7
20 17
10 20
20 12
11 33
12 32
6 35
35 11
26 11
8 38
10 23
23 25
9 13
17 8
29 2
41 6
1 10
4 13
18 2
20 1
23 20
7 9
18 21
44 8
13 34
29 5
21 21
22 27
15 32
41 4
14 15
34 17
6 13
22 18
4 32
12 15
25 7
12 29
38 6
12 5
12 22
21 25
7 30
2 38
22 1
32 16
12 11
19 33
24 2 21
9 8
13 8
24 3 8
9 8
13 8
3 10
100 100 23
67 13
12 9
32 40
26 20
83 7
49 44
82 19
21 16
7 68
13 24
66 2
50 26
11 69
11 43
49 31
19 38
6 65
17 59
47 9
14 25
28 73
35 54
19 69
68 2
38 31
67 2
22 32
18 57
64 37
64 1
70 5
73 20
77 5
8 38
54 46
9 81
64 35
63 14
1 21
2 23
6 50
1 86
11 55
35 21
47 4
51 40
26 53
6 83
52 47
30 55
3 91
26 70
32 6
1 24
6 17
26 30
81 6
40 11
15 81
33 67
39 51
1 51
6 58
67 1
32 15
38 40
9 74
27 21
34 6
19 41
39 46
40 43
36 7
20 44
54 38
60 39
87 8
24 26
48 21
44 9
74 20
39 37
59 29
49 52
5 55
49 35
40 17
34 63
42 7
31 12
2 62
1 32
14 18
15 67
1 42
40 34
29 2
30 40
22 42
12 24
24 2 24
9 8
13 8
24 3 5
9 8
13 8
17 8
100 100 54
58 14
3 90
44 8
90 11
3 27
40 49
61 14
45 8
76 4
43 18
29 9
5 74
1 95
92 8
44 41
30 29
3 26
2 8
26 59
3 22
75 12
14 12
18 82
75 7
84 1
48 46
5 24
29 34
34 48
14 72
25 59
32 12
28 16
58 11
42 37
41 8
55 37
8 86
29 58
36 30
38 38
2 38
81 7
49 42
36 54
5 84
32 5
58 24
4 17
21 19
55 26
2 8
34 22
4 43
48 17
24 27
52 20
14 49
20 23
77 23
97 2
11 50
26 31
10 54
14 51
43 47
73 16
30 4
43 37
64 18
52 9
16 19
32 67
29 17
74 8
71 29
16 73
3 70
47 21
22 42
61 19
45 15
19 60
18 68
26 19
77 17
29 47
8 34
35 28
22 53
59 35
1 7
20 61
83 5
65 24
28 27
46 27
23 14
18 73
11 75
24 3 4
9 8
13 8
3 10
24 2 8
9 8
13 8
24 3 21
9 8
13 8
3 10
85 71 43
21 42
7 5
23 7
48 34
8 8
12 27
57 18
36 8
26 5
26 34
40 4
23 12
49 8
35 23
61 10
45 37
2 23
47 39
9 56
17 22
8 66
27 22
29 26
3 25
59 27
28 56
27 24
53 10
31 42
35 30
48 38
29 20
59 2
54 24
41 30
10 32
19 16
62 21
7 30
53 27
66 15
68 14
38 38
30 44
41 16
26 52
38 28
68 12
14 18
37 12
48 8
21 5
28 35
65 15
45 9
22 43
37 49
10 26
27 12
19 35
28 29
6 79
65 7
6 16
26 16
19 65
4 4
31 54
4 19
47 24
35 23
19 74 14
10 10
16 4
19 1
16 3
3 13
6 2
6 5
3 6
5 10
1 8
5 7
7 10
14 3
5 7
4 5
5 8
1 15
10 9
8 1
10 6
10 6
4 12
1 14
9 11
4 14
1 9
9 8
3 9
15 5
14 4
4 11
2 14
1 16
6 13
7 5
14 3
6 9
1 2
6 2
6 1
14 1
1 5
7 13
9 5
11 5
1 9
1 4
12 6
5 10
6 7
10 8
9 7
6 13
18 2
8 5
6 4
4 15
13 2
2 16
2 17
6 12
13 2
11 3
8 3
3 17
4 8
6 7
1 5
13 2
3 9
1 1
1 6
4 14
5 11
100 100 62
10 34
5 37
21 15
20 75
13 69
25 44
95 2
10 59
58 42
95 4
5 61
4 75
17 83
64 22
49 40
37 48
34 10
36 22
8 58
97 4
5 94
3 57
21 80
8 3
44 46
25 35
16 56
3 95
92 1
72 27
39 53
4 90
9 15
32 65
87 11
50 8
43 24
22 59
11 23
5 96
40 58
7 70
6 39
13 75
39 30
82 2
2 36
39 1
13 63
48 43
29 64
12 67
40 22
24 44
15 6
23 75
13 74
74 15
8 71
17 14
33 7
58 13
23 27
38 20
30 71
42 10
87 11
40 26
9 56
88 9
70 24
13 46
31 4
25 45
12 74
38 56
93 1
32 19
48 26
32 29
41 59
69 10
32 4
47 46
18 40
1 63
39 28
16 45
74 20
13 31
16 50
36 45
10 66
11 12
4 73
11 31
17 54
32 17
8 2
1 54
24 3 12
9 8
13 8
17 8
24 1 2
9 8
24 1 5
9 8
24 1 23
9 8
24 3 15
9 8
13 8
17 8
75 75 15
15 2
25 26
64 11
64 4
5 67
3 29
52 5
12 48
43 33
21 54
33 24
17 35
42 12
14 40
10 17
56 17
2 7
35 21
16 5
14 54
11 57
48 12
53 8
32 20
6 29
20 1
22 9
60 3
20 2
2 4
36 37
14 21
50 13
15 27
39 7
11 41
36 9
23 18
5 53
48 3
17 52
56 19
4 44
28 31
68 8
42 33
48 25
30 36
29 38
4 68
44 25
37 29
40 11
57 1
32 21
13 3
44 12
28 9
25 30
13 43
11 52
55 20
36 24
11 49
63 7
2 73
8 2
7 50
46 3
22 3
17 40
23 53
21 45
23 39
17 55
100 100 8
3 89
2 76
42 34
45 35
27 16
4 79
37 19
34 37
99 1
89 1
66 20
77 18
16 10
28 45
27 19
22 54
44 31
5 85
35 26
72 20
22 52
67 33
50 7
15 11
41 33
59 17
7 63
34 13
34 47
10 25
23 36
47 11
63 2
48 17
61 7
39 8
71 4
2 87
85 9
9 77
61 7
28 56
72 2
58 34
19 27
96 3
45 37
31 12
10 18
6 6
23 61
5 70
88 13
72 16
77 5
38 12
66 26
59 37
33 56
53 47
24 75
24 58
86 15
61 32
44 23
47 40
29 56
1 53
71 6
71 10
41 21
72 17
8 8
16 24
8 88
89 5
36 9
20 61
11 75
26 58
6 91
11 9
32 9
5 70
10 29
79 20
38 21
72 11
25 41
13 50
15 55
73 5
1 22
34 53
61 1
28 61
16 8
14 74
52 30
26 20
100 100 2
85 16
53 9
90 4
44 40
62 20
27 34
52 28
35 30
3 98
6 1
25 25
76 7
32 9
15 75
83 1
53 37
32 62
42 28
24 13
9 52
12 58
37 30
75 20
17 29
26 51
87 11
23 23
51 42
2 55
28 67
57 2
51 18
4 87
83 5
16 31
39 44
75 5
25 71
61 36
44 50
13 67
15 16
39 26
57 13
38 14
18 37
41 31
32 55
6 17
55 35
35 7
32 29
37 32
73 21
23 70
10 71
33 28
84 9
34 8
12 46
55 4
13 62
18 12
44 46
4 82
36 50
45 33
3 86
21 8
29 62
34 37
5 63
78 5
36 23
17 84
47 2
48 24
7 44
61 3
59 2
18 54
76 2
45 40
47 27
6 71
1 89
26 9
10 23
4 52
34 37
14 83
67 11
56 45
50 41
8 62
19 21
6 4
57 2
75 12
45 42
24 3 10
9 8
13 8
3 10
100 100 24
51 16
38 45
13 23
4 34
9 50
84 4
10 23
1 74
53 47
6 6
2 50
9 78
10 71
61 37
55 18
10 6
45 7
36 24
38 52
29 67
51 32
54 34
4 50
4 19
4 88
63 7
46 6
10 18
5 43
18 78
6 58
13 73
32 24
56 5
91 1
34 53
29 18
54 1
35 43
25 42
6 88
5 3
47 47
43 51
84 13
32 49
2 89
66 10
15 66
14 55
8 50
44 24
45 16
43 52
67 26
2 27
51 38
18 76
37 42
60 26
69 15
70 1
47 25
5 94
77 4
36 50
28 6
21 57
30 26
84 8
42 39
40 25
58 38
3 96
50 35
46 5
24 3
22 58
16 9
77 11
53 32
27 43
22 76
68 27
55 29
18 29
39 9
3 96
26 70
73 27
13 29
7 53
6 3
36 25
13 78
27 24
28 4
22 71
75 25
13 7
24 3 21
9 8
13 8
17 8
24 2 9
9 8
13 8
100 100 75
2 23
2 4
9 84
18 75
64 16
68 18
90 5
52 2
94 7
3 37
3 17
5 46
31 2
1 5
8 52
66 34
6 18
14 26
48 11
18 64
19 30
44 20
16 19
57 42
26 47
17 76
16 27
66 31
73 6
6 95
4 62
45 6
21 23
13 30
9 47
10 89
53 2
44 30
31 42
79 3
21 9
6 80
26 54
65 31
19 75
13 58
71 4
66 4
31 56
7 34
6 55
7 89
28 45
8 29
19 73
1 89
37 19
84 15
70 7
19 47
44 34
49 24
1 55
28 45
2 4
83 3
23 34
78 10
54 39
17 19
14 30
28 47
31 10
3 97
24 22
22 14
4 27
22 77
34 4
53 30
69 6
54 41
8 17
38 9
18 33
25 49
19 49
30 4
44 12
30 65
27 61
14 2
37 52
5 91
36 45
30 63
40 37
8 61
48 2
25 50
24 2 13
9 8
13 8
24 2 6
9 8
13 8
24 3 18
9 8
13 8
3 10
100 100 58
13 84
68 30
27 61
33 17
32 56
27 35
15 14
26 61
25 12
25 35
75 10
12 9
71 15
68 9
25 23
27 70
62 6
6 38
22 10
17 80
68 20
48 6
45 35
19 75
44 29
1 79
25 41
87 2
28 38
41 19
17 15
4 47
22 12
76 7
40 57
69 8
42 57
2 21
72 16
20 34
21 32
65 31
9 48
35 24
10 77
33 38
15 26
74 2
1 95
13 55
45 27
30 3
4 48
34 56
52 25
36 8
12 5
44 22
7 13
51 9
28 37
27 35
30 54
98 3
19 67
12 19
19 82
40 15
99 1
26 58
9 75
81 15
48 30
47 49
30 71
41 37
1 48
41 56
27 61
40 26
15 38
21 8
14 18
23 50
32 32
45 31
5 62
90 5
85 8
5 79
3 55
61 12
14 61
45 3
30 14
31 38
43 5
39 33
39 58
88 3
24 1 10
9 8
42 3 22
7 28
10 31
14 7
24 1 21
9 8
64 77 19
51 1
34 13
20 30
52 10
3 6
56 8
28 25
42 22
42 4
47 9
51 3
5 51
53 6
10 26
4 17
34 27
17 17
22 14
55 2
49 15
7 19
26 5
1 33
24 33
18 39
5 59
1 58
13 42
25 39
14 9
4 2
24 34
40 3
23 6
37 11
11 23
16 14
16 36
5 8
9 1
18 21
21 10
7 21
35 14
16 26
1 20
22 15
16 3
1 57
28 17
56 9
40 16
10 27
12 4
5 37
8 3
19 34
8 48
11 25
38 26
28 19
13 1
16 35
55 7
9 48
24 23
30 4
11 15
31 10
29 11
38 22
25 7
9 32
2 37
11 3
10 4
13 33
24 3 9
9 8
13 8
3 10
24 3 18
9 8
13 8
17 8
24 3 23
9 8
13 8
3 10
1 1 1
1 1
24 3 11
9 8
13 8
17 8
24 1 15
9 8
24 1 14
9 8
24 1 11
9 8
24 3 19
9 8
13 8
17 8
100 100 47
61 12
5 15
92 7
54 27
11 89
18 51
8 18
16 21
24 76
55 27
41 15
14 43
31 48
5 86
23 53
62 11
38 50
85 11
1 39
14 37
35 28
29 18
29 32
25 21
85 8
61 10
20 76
8 50
48 24
31 12
10 38
17 71
67 6
35 1
12 6
11 29
75 11
26 48
43 34
27 47
14 42
36 35
34 20
48 45
16 70
3 31
35 36
2 18
81 2
29 8
38 26
32 65
18 41
5 18
28 1
50 33
11 71
13 36
13 43
44 19
47 9
28 8
17 62
49 39
31 49
54 7
8 69
16 5
15 25
18 11
43 4
49 2
25 8
37 12
31 31
1 57
35 59
60 21
65 34
62 3
55 32
24 8
24 25
35 41
62 18
50 6
16 27
32 41
27 67
10 36
12 14
4 80
26 61
44 55
61 15
15 9
38 30
1 97
65 35
74 6
24 2 16
9 8
13 8
24 3 4
9 8
13 8
17 8
24 2 12
9 8
13 8
100 45 90
21 38
5 46
9 5
4 66
33 11
36 3
9 16
54 12
22 46
33 51
65 7
18 23
19 15
38 61
5 52
85 14
65 12
36 3
27 30
52 17
16 52
41 11
9 7
24 57
2 77
11 71
7 39
71 6
34 64
33 26
17 82
71 21
75 11
7 69
42 43
59 34
66 5
53 48
46 28
62 36
54 25
71 9
17 7
25 2
24 7
24 3 17
9 8
13 8
3 10
100 1 100
1 100
24 2 22
9 8
13 8
24 2 7
9 8
13 8
100 100 49
2 98
2 98
2 98
2 98
2 98
2 98
2 98
2 98
2 98
2 98
2 98
2 98
2 98
2 98
2 98
2 98
2 98
2 98
2 98
2 98
2 98
2 98
2 98
2 98
2 98
2 98
2 98
2 98
2 98
2 98
2 98
2 98
2 98
2 98
2 98
2 98
2 98
2 98
2 98
2 98
2 98
2 98
2 98
2 98
2 98
2 98
2 98
2 98
2 98
2 98
2 98
2 98
2 98
2 98
2 98
2 98
2 98
2 98
2 98
2 98
2 98
2 98
2 98
2 98
2 98
2 98
2 98
2 98
2 98
2 98
2 98
2 98
2 98
2 98
2 98
2 98
2 98
2 98
2 98
2 98
2 98
2 98
2 98
2 98
2 98
2 98
2 98
2 98
2 98
2 98
2 98
2 98
2 98
2 98
2 98
2 98
2 98
2 98
2 98
2 98
24 3 8
9 8
13 8
17 8
24 1 9
9 8
11 77 4
2 2
4 1
3 7
6 1
1 3
5 2
4 6
7 5
3 3
8 4
1 5
4 6
2 7
9 3
1 9
9 1
4 6
1 6
11 1
4 3
4 2
4 2
4 2
1 5
7 2
2 5
7 5
2 2
4 3
5 6
3 3
5 1
1 2
2 6
4 5
3 1
3 6
7 4
7 1
6 4
1 11
8 2
5 2
1 8
1 2
7 1
4 6
1 7
7 3
7 5
5 5
2 5
9 1
2 4
10 2
7 2
5 2
3 4
2 8
3 5
2 9
7 4
6 5
3 7
5 2
4 8
5 7
7 5
2 2
3 7
6 4
11 1
3 3
9 1
1 5
4 8
5 1
24 3 24
9 8
13 8
17 8
100 100 46
70 25
16 27
22 3
12 48
37 30
37 20
85 9
9 71
23 59
66 27
37 27
68 19
54 26
4 82
1 95
14 11
21 58
80 4
24 41
80 11
24 63
37 6
39 41
27 66
76 8
29 41
38 23
44 40
58 13
56 37
66 25
30 56
31 21
18 52
18 82
75 3
39 35
36 19
36 42
16 55
67 20
62 30
3 14
78 15
18 61
53 13
52 33
70 2
22 41
30 64
42 26
30 7
45 25
32 4
31 37
75 24
23 65
6 20
29 59
20 60
44 19
21 55
90 10
6 55
16 56
19 79
13 38
26 32
81 16
18 18
87 6
76 18
18 5
48 17
64 13
27 58
73 3
88 11
3 24
33 49
13 13
16 53
78 23
2 89
89 2
29 17
57 36
6 85
54 4
19 9
23 19
13 26
43 27
57 4
15 82
20 59
57 24
36 39
47 45
21 32
43 45 28
29 11
4 22
12 6
12 15
4 7
38 6
23 4
23 20
10 18
4 31
5 36
8 11
6 7
10 12
7 13
11 13
8 29
20 4
12 10
13 21
22 12
10 21
7 29
7 35
11 31
21 6
30 12
22 8
9 5
16 15
14 11
27 8
7 37
2 12
23 1
10 24
10 17
21 23
21 23
13 22
18 16
22 7
8 1
2 19
16 27
24 3 2
9 8
13 8
3 10
24 3 5
9 8
13 8
3 10
24 2 10
9 8
13 8
24 3 12
9 8
13 8
3 10
24 3 23
9 8
13 8
17 8
24 3 14
9 8
13 8
3 10
2 1 1
1 1
29 79 2
14 7
17 1
20 7
8 20
7 9
9 19
4 7
6 17
6 4
4 24
2 7
13 16
4 8
12 6
5 8
16 12
11 7
15 1
3 18
13 1
1 24
8 16
4 9
6 13
11 17
20 10
15 13
10 9
11 19
11 8
6 10
5 4
11 3
2 8
1 17
9 9
7 10
2 17
3 7
7 11
10 7
7 13
3 15
5 11
5 15
4 2
6 21
4 23
5 13
3 15
1 22
11 7
1 7
21 8
18 3
10 20
5 11
11 9
5 22
7 9
16 1
9 19
10 1
1 19
11 5
5 20
6 18
22 3
7 19
12 3
2 18
16 4
6 5
9 20
1 5
1 20
18 9
1 11
2 2
24 2 15
9 8
13 8
100 100 22
37 38
27 1
64 26
12 50
35 39
16 79
3 68
75 15
2 41
48 35
19 79
88 11
12 89
1 36
14 71
42 11
61 28
12 26
28 32
54 4
13 47
29 9
4 32
46 54
64 25
61 10
5 48
48 7
18 82
3 10
55 26
33 60
44 12
51 27
6 41
3 65
55 39
9 34
21 73
4 69
14 54
22 66
25 53
15 27
35 60
3 38
44 26
9 41
60 24
95 3
59 23
26 64
6 69
6 25
70 26
23 72
8 3
32 46
23 26
3 98
73 26
39 36
64 7
13 55
35 16
2 28
2 61
7 83
5 66
86 8
82 18
5 24
58 24
55 40
8 43
15 78
1 77
37 11
3 39
16 77
36 4
42 28
1 4
56 25
44 34
9 70
6 63
11 88
65 30
3 37
2 35
12 84
78 15
64 1
23 40
89 8
87 3
47 45
80 5
53 16
100 100 84
47 15
2 22
20 62
39 11
18 81
24 9
73 16
40 18
27 70
24 35
17 61
37 46
17 73
64 7
71 16
16 65
31 15
66 5
13 21
41 39
14 30
36 52
2 85
15 70
43 34
40 32
63 28
63 16
27 11
89 1
6 55
17 34
85 1
30 32
57 4
2 25
12 60
49 12
37 42
11 60
1 51
1 26
2 91
41 12
22 10
48 11
5 88
40 36
39 58
59 18
60 7
30 69
59 25
31 36
51 45
51 9
7 58
73 21
14 82
69 31
40 32
11 15
40 31
65 27
12 14
35 51
22 67
8 25
4 20
79 6
71 23
39 21
58 8
10 36
15 9
2 93
22 33
27 4
26 5
21 36
49 30
4 34
70 3
19 39
67 20
41 49
14 48
11 1
38 37
51 8
44 57
71 16
2 42
38 45
52 12
60 19
32 46
3 26
2 48
89 1
2 1 2
1 1
9 16 7
6 1
1 3
5 2
2 8
3 2
5 2
8 1
3 7
1 4
8 1
6 2
2 7
3 3
2 3
8 2
3 5
24 2 11
9 8
13 8
100 100 76
34 38
39 50
36 21
18 71
37 30
20 26
8 33
57 9
46 24
19 21
13 30
9 76
37 3
9 36
79 15
13 43
9 51
23 17
18 24
60 22
62 6
6 82
78 3
14 7
29 50
44 49
12 64
5 71
40 4
1 53
28 47
33 46
12 83
53 46
20 24
2 40
27 34
1 74
19 76
37 50
17 33
15 71
29 4
10 80
3 88
35 26
16 58
14 27
4 30
3 29
8 26
1 27
86 9
15 80
23 1
10 66
5 47
59 33
17 76
35 58
25 42
60 3
29 30
90 11
2 35
61 7
10 67
9 78
67 24
67 16
39 2
53 38
41 60
7 17
6 62
53 4
21 15
7 20
6 62
10 21
91 4
26 22
2 19
58 14
49 47
46 55
35 27
26 48
47 23
57 20
33 5
93 4
14 39
4 36
35 5
61 1
51 44
65 21
46 47
14 86
88 2 59
26 40
37 47
100 1 1
1 100
24 1 19
9 8
2 1 2
1 2
24 3 17
9 8
13 8
17 8
24 1 1
9 8
24 1 3
9 8
24 3 9
9 8
13 8
17 8
2 1 2
2 1
24 3 13
9 8
13 8
3 10
57 39 41
32 10
19 18
24 34
20 36
2 37
38 1
25 33
21 19
40 3
10 44
18 20
23 32
37 10
1 36
4 10
3 14
35 21
11 30
10 36
47 10
44 6
7 36
32 21
53 4
44 5
33 10
34 8
18 7
47 11
28 21
3 54
9 38
32 2
3 40
19 11
27 11
1 30
7 26
44 4
24 1 12
9 8
24 3 3
9 8
13 8
3 10
24 2 1
9 8
13 8
24 3 16
9 8
13 8
17 8
24 3 20
9 8
13 8
17 8
24 3 16
9 8
13 8
3 10
99 73 60
33 63
72 23
15 74
21 20
2 59
44 55
2 69
17 71
8 33
21 15
51 47
1 62
21 78
49 20
35 61
30 52
68 19
17 44
42 2
26 11
32 21
5 78
46 22
54 8
55 15
27 28
54 45
47 5
19 32
60 22
4 36
29 50
9 8
27 16
35 5
36 59
21 74
38 52
46 21
41 55
72 7
77 6
20 31
6 87
28 28
60 1
50 32
8 7
7 89
3 80
26 13
57 36
4 58
35 39
6 46
38 43
11 6
6 63
9 55
22 48
49 51
72 16
14 69
80 10
43 21
48 12
7 73
3 97
74 1
41 33
53 24
68 32
78 12
24 2 17
9 8
13 8
24 3 6
9 8
13 8
3 10
24 2 18
9 8
13 8
24 2 4
9 8
13 8
24 3 15
9 8
13 8
3 10
24 2 5
9 8
13 8
24 1 8
9 8
100 100 78
65 32
90 6
54 33
21 41
1 25
44 23
25 3
23 47
33 39
14 19
8 59
46 28
1 76
31 54
16 47
20 26
18 76
18 74
65 21
48 14
18 19
28 40
36 11
11 54
48 33
19 17
16 1
1 79
62 3
18 48
83 10
70 19
24 9
39 47
48 32
80 15
1 75
11 29
10 26
90 6
62 25
37 51
35 60
41 50
50 1
7 36
32 2
5 95
34 63
39 38
58 19
76 10
48 2
18 36
7 46
64 12
16 18
12 28
46 17
31 51
43 25
42 5
67 26
92 7
68 29
39 42
31 46
20 3
58 37
73 25
2 49
7 15
36 58
62 19
8 64
48 31
2 60
74 1
27 61
31 44
22 23
57 14
35 54
39 23
16 82
29 43
43 1
21 33
52 37
82 16
10 83
9 72
63 20
42 18
3 8
2 88
51 2
32 49
22 38
41 53
64 58 37
1 28
6 24
5 51
49 16
18 24
32 18
19 16
6 17
32 21
16 6
46 18
11 29
1 35
1 34
58 6
3 3
10 35
3 41
28 21
6 53
13 28
15 49
17 7
15 40
39 19
16 10
35 8
25 1
4 5
23 19
38 5
1 57
16 13
23 30
38 19
6 43
33 12
10 40
47 6
12 44
14 41
40 17
5 19
7 58
10 49
32 20
8 3
39 26
3 39
21 15
17 6
7 32
3 54
45 5
14 6
43 5
9 20
4 4
100 100 74
12 9
49 34
57 26
8 86
18 32
43 31
4 41
8 49
14 87
30 22
72 22
42 22
52 43
23 27
75 10
35 46
17 62
38 19
10 84
35 58
76 8
72 15
12 32
43 45
42 27
12 38
19 53
21 29
64 11
71 10
68 23
12 79
32 15
57 35
16 1
75 13
11 42
6 71
28 69
21 30
26 42
44 16
60 18
2 44
33 16
7 45
86 6
1 24
44 49
58 8
29 30
16 61
59 11
32 64
77 3
24 71
51 25
75 18
7 16
38 21
38 34
43 11
47 2
48 33
22 26
29 69
13 79
47 28
36 15
8 20
45 18
35 36
16 14
62 17
36 18
15 60
28 66
15 53
60 39
56 6
51 29
46 48
25 66
12 12
23 21
2 77
7 88
19 24
80 12
89 2
62 29
52 17
12 8
27 41
16 48
28 73
94 5
45 54
33 19
3 69
24 2 3
9 8
13 8
24 1 7
9 8
24 1 24
9 8
100 100 62
35 52
26 60
40 29
21 32
70 13
28 70
6 90
5 17
40 8
56 28
17 73
30 13
48 33
54 16
23 44
33 4
22 7
37 26
25 66
37 10
42 6
6 54
22 36
5 24
62 10
16 61
27 68
14 6
34 56
53 13
12 64
3 31
45 53
72 10
36 33
91 4
34 56
30 55
3 24
20 26
65 5
69 32
30 56
23 73
4 38
72 4
18 65
19 60
90 7
61 8
6 72
36 25
24 38
6 2
32 50
12 7
51 47
27 15
1 39
43 24
6 88
32 62
18 37
28 65
7 47
13 24
3 49
19 79
19 13
31 12
12 6
1 68
57 30
12 88
15 81
77 20
1 80
61 34
34 53
85 6
25 24
33 61
56 34
34 42
2 69
13 37
11 55
36 23
61 18
3 33
7 81
82 4
54 25
39 11
36 6
33 33
44 43
29 15
6 57
90 7
100 100 62
5 85
55 44
70 15
13 40
2 28
37 33
68 11
1 4
31 3
2 49
5 21
61 26
39 29
91 5
1 65
33 51
48 26
63 11
23 13
36 38
66 34
28 59
13 13
50 27
35 11
19 35
24 6
3 23
5 83
57 17
44 24
2 81
14 9
7 16
12 81
10 27
71 18
59 41
38 38
50 45
68 16
21 46
18 14
49 5
7 54
8 40
3 51
62 12
15 58
17 59
35 45
11 86
26 45
24 31
17 3
16 28
67 31
82 16
6 14
29 48
79 3
47 28
31 7
16 67
7 74
19 35
55 38
22 54
59 3
19 74
37 37
23 57
53 43
9 36
40 49
3 50
17 63
26 38
1 1
1 81
68 32
44 47
53 20
34 67
20 8
50 27
43 13
31 56
36 39
4 95
4 60
3 96
46 38
87 3
19 29
22 8
62 18
36 2
2 22
69 19
