147
24 1 18
9 8
24 1 19
9 8
24 2 15
9 8
13 8
86 44 41
33 47
16 10
35 23
21 31
7 47
8 8
17 17
24 11
1 55
49 8
40 26
36 10
61 17
62 15
40 45
3 6
54 33
13 25
3 12
21 62
18 50
41 6
40 38
49 19
18 42
25 56
22 64
44 16
4 58
46 33
6 44
4 44
5 35
6 55
70 10
20 45
25 11
50 18
9 71
6 16
8 15
7 72
2 70
14 52
70 95 68
24 46
6 8
45 12
17 48
4 28
16 24
17 25
37 20
4 55
27 26
40 27
24 17
7 22
12 53
32 17
55 14
38 6
3 23
3 28
9 11
3 12
17 24
24 31
32 3
33 29
16 23
50 12
42 14
1 12
18 44
40 8
5 34
21 6
4 19
39 22
27 40
50 19
50 5
12 8
20 6
8 16
8 40
32 4
10 7
19 27
27 27
9 49
10 38
24 29
10 34
1 14
60 5
2 57
29 30
27 20
21 15
35 11
42 11
37 22
47 14
8 3
43 16
11 41
17 15
31 10
21 23
40 21
65 1
23 6
4 56
19 50
24 32
48 8
32 25
6 17
9 34
38 5
2 9
32 14
20 8
22 20
12 26
6 45
6 8
3 62
29 27
2 2
12 45
61 6
4 32
14 56
11 25
4 43
60 8
39 16
100 100 72
46 20
43 56
8 1
22 39
23 76
23 21
44 46
1 7
13 27
27 67
15 33
20 60
90 1
36 8
69 7
17 19
71 15
9 44
18 58
21 35
26 13
32 34
62 30
5 62
64 7
66 15
42 52
6 52
76 20
10 44
58 16
61 12
15 47
3 91
41 9
7 18
31 47
32 25
22 47
78 16
10 10
8 35
47 30
36 28
24 40
81 2
48 51
4 36
23 9
50 30
3 93
21 33
60 19
42 2
73 3
37 44
61 22
16 30
26 31
28 61
37 58
7 46
35 51
12 72
3 59
12 24
18 65
38 59
45 18
54 28
29 6
88 9
19 59
14 18
59 30
2 87
7 21
41 4
50 30
3 97
8 63
3 57
25 59
67 23
11 34
17 4
60 37
8 85
14 19
52 34
27 10
26 43
53 17
20 11
50 9
63 6
33 63
35 57
7 4
56 36
24 2 9
9 8
13 8
24 3 6
9 8
13 8
3 10
24 1 14
9 8
24 3 3
9 8
13 8
3 10
24 3 7
9 8
13 8
3 10
24 3 6
9 8
13 8
17 8
24 2 10
9 8
13 8
24 1 23
9 8
24 1 5
9 8
100 100 27
31 28
53 19
79 22
64 14
8 72
4 14
60 33
37 12
9 11
69 7
9 57
55 12
46 43
22 62
23 27
9 5
43 25
13 45
13 43
11 63
41 24
11 52
32 39
68 11
51 19
82 6
13 27
33 34
46 23
33 16
27 49
9 79
45 45
23 67
27 11
73 12
42 31
52 33
3 19
24 27
20 59
66 2
31 58
85 12
11 55
8 89
52 47
11 76
28 36
4 30
43 40
42 5
17 55
86 2
33 19
67 30
42 6
70 30
57 27
5 16
81 18
28 11
29 16
45 40
48 28
17 36
8 31
37 55
64 4
6 42
15 25
15 30
30 23
7 9
23 42
79 16
33 21
47 27
46 6
65 25
22 48
19 70
2 6
34 66
41 41
2 76
41 27
82 5
68 22
11 52
31 18
65 3
27 64
36 5
43 47
17 49
50 35
22 23
64 34
70 23
24 3 19
9 8
13 8
17 8
79 88 39
48 1
23 9
63 13
17 50
19 36
5 73
55 3
19 11
33 28
3 42
15 52
42 27
21 43
23 45
9 34
13 7
12 59
65 8
12 51
17 41
13 11
18 3
12 17
2 41
34 8
45 18
1 14
13 15
36 21
9 11
7 48
12 47
27 30
15 47
24 34
19 40
40 6
1 18
18 30
22 40
13 51
47 5
61 13
26 6
54 24
16 2
53 10
56 20
43 1
44 28
9 54
43 7
12 28
49 28
50 16
29 26
11 46
56 19
47 18
1 52
45 1
23 14
57 2
59 17
71 3
2 22
6 29
2 12
2 61
77 1
9 25
42 35
48 28
14 27
49 16
9 26
20 9
9 38
59 5
29 8
54 15
2 26
13 19
19 10
42 23
38 20
36 22
38 42
24 3 4
9 8
13 8
3 10
52 35 15
8 11
37 15
18 15
21 24
48 4
35 12
51 1
30 14
18 28
31 6
9 22
35 12
10 37
20 12
21 4
5 25
20 28
18 5
14 22
9 16
20 8
3 18
5 42
29 23
17 36
9 1
35 5
10 9
39 11
8 34
7 22
42 4
47 1
5 46
22 15
24 2 21
9 8
13 8
24 1 16
9 8
24 2 12
9 8
13 8
100 1 1
1 100
24 3 22
9 8
13 8
17 8
100 100 49
2 98
2 98
2 98
2 98
2 98
2 98
2 98
2 98
2 98
2 98
2 98
2 98
2 98
2 98
2 98
2 98
2 98
2 98
2 98
2 98
2 98
2 98
2 98
2 98
2 98
2 98
2 98
2 98
2 98
2 98
2 98
2 98
2 98
2 98
2 98
2 98
2 98
2 98
2 98
2 98
2 98
2 98
2 98
2 98
2 98
2 98
2 98
2 98
2 98
2 98
2 98
2 98
2 98
2 98
2 98
2 98
2 98
2 98
2 98
2 98
2 98
2 98
2 98
2 98
2 98
2 98
2 98
2 98
2 98
2 98
2 98
2 98
2 98
2 98
2 98
2 98
2 98
2 98
2 98
2 98
2 98
2 98
2 98
2 98
2 98
2 98
2 98
2 98
2 98
2 98
2 98
2 98
2 98
2 98
2 98
2 98
2 98
2 98
2 98
2 98
24 1 8
9 8
24 2 16
9 8
13 8
24 3 14
9 8
13 8
3 10
24 3 17
9 8
13 8
3 10
24 2 17
9 8
13 8
24 1 20
9 8
24 1 3
9 8
24 1 6
9 8
24 3 8
9 8
13 8
3 10
24 1 10
9 8
24 3 15
9 8
13 8
3 10
100 100 36
14 36
19 73
41 1
24 51
38 58
49 1
9 47
15 30
73 8
53 31
19 43
57 44
9 47
28 64
22 15
25 45
29 4
12 48
30 25
16 29
15 22
26 10
68 17
64 3
46 14
80 19
25 53
1 59
40 47
51 2
49 38
9 19
3 35
5 29
51 9
16 65
36 65
31 42
54 38
25 56
13 10
52 41
23 31
7 19
6 33
15 26
44 8
16 55
27 61
24 74
39 15
11 39
18 61
12 74
40 44
37 57
59 11
19 24
27 51
2 13
57 32
26 46
11 2
42 14
24 30
3 13
70 8
76 22
57 9
36 9
51 42
46 17
15 51
40 9
8 1
49 28
89 6
73 23
3 39
4 38
63 3
11 40
56 30
10 83
7 15
8 52
8 67
97 4
28 6
32 12
26 44
10 79
81 19
16 32
53 2
27 56
72 5
13 3
8 14
17 51
24 1 13
9 8
24 2 2
9 8
13 8
24 1 7
9 8
100 1 100
1 100
24 3 23
9 8
13 8
3 10
24 1 15
9 8
24 1 21
9 8
24 3 9
9 8
13 8
3 10
24 3 23
9 8
13 8
17 8
21 87 21
1 19
11 11
13 8
13 8
11 9
5 9
14 4
17 1
1 6
2 1
10 7
2 9
11 7
8 3
8 4
2 19
5 12
2 15
17 4
18 1
14 3
4 4
3 12
1 11
6 6
13 8
8 10
7 7
2 15
8 1
11 4
14 6
1 2
11 5
5 6
8 2
4 14
8 1
5 10
8 14
4 15
2 9
15 6
19 1
14 5
13 4
12 5
6 3
7 11
5 6
8 5
2 12
7 2
8 13
7 12
10 4
2 15
1 9
3 15
7 11
3 19
1 11
2 9
2 6
12 7
3 4
1 14
19 3
2 4
2 19
6 3
4 8
10 1
16 1
7 11
8 10
6 3
8 11
11 3
11 5
10 10
4 5
1 19
1 6
5 1
11 7
7 1
24 1 1
9 8
24 3 16
9 8
13 8
17 8
24 2 24
9 8
13 8
100 100 20
28 22
3 34
47 51
57 21
44 3
20 16
45 38
22 42
48 20
35 22
67 6
36 31
23 13
47 15
11 49
81 15
34 66
52 39
85 5
19 66
17 20
11 1
72 10
3 3
41 59
44 2
9 25
6 56
77 18
28 66
20 30
50 25
32 10
65 16
6 67
30 26
39 55
73 3
42 45
28 45
10 37
44 22
29 23
58 12
36 20
11 61
95 5
28 50
17 19
24 6
7 49
43 20
35 32
61 10
32 17
12 83
28 65
20 44
4 78
24 24
58 43
63 33
23 10
27 46
21 13
19 72
85 13
7 4
26 7
2 74
47 28
39 34
52 23
18 75
52 33
22 3
36 17
7 50
12 37
5 25
29 51
9 89
99 2
4 88
68 16
8 78
10 53
29 42
55 5
44 53
84 4
14 59
52 14
3 6
32 65
6 57
26 55
68 12
28 55
26 25
24 3 19
9 8
13 8
3 10
24 3 18
9 8
13 8
3 10
24 3 12
9 8
13 8
3 10
24 3 22
9 8
13 8
3 10
24 3 14
9 8
13 8
17 8
66 56 38
22 16
57 2
36 6
33 27
20 24
15 46
29 25
29 3
12 39
7 1
34 28
28 11
7 15
10 57
26 26
63 2
22 33
24 13
16 34
9 45
29 34
17 29
30 30
6 37
32 35
27 3
27 27
51 16
23 10
10 47
21 20
20 37
35 3
30 37
28 38
16 46
4 9
54 1
33 7
27 20
45 10
21 36
17 42
28 3
45 6
14 23
12 48
15 14
7 37
30 19
29 3
5 59
23 38
14 4
45 2
21 37
24 3 21
9 8
13 8
17 8
100 100 8
8 88
21 63
2 53
46 27
11 88
25 69
25 45
9 70
50 39
67 30
8 39
26 30
56 23
59 7
51 3
41 15
78 17
19 21
31 29
69 2
31 10
2 70
51 46
57 3
67 24
15 52
18 28
34 9
93 2
15 53
30 27
97 4
12 17
34 45
34 33
43 35
32 67
51 39
26 35
12 83
18 47
62 6
4 19
30 42
9 49
73 28
35 40
24 32
47 27
25 66
64 29
19 12
11 2
66 7
72 14
38 47
1 64
17 45
18 2
11 5
47 13
51 39
57 30
87 3
31 55
3 42
10 71
13 1
93 5
65 16
23 7
26 4
16 12
42 15
15 56
44 57
6 12
8 23
51 32
16 84
44 33
27 55
50 50
2 31
27 51
1 98
40 52
62 37
54 6
7 91
34 11
7 52
91 6
30 9
46 9
42 45
10 44
29 10
17 2
83 16
11 21 10
9 3
7 5
2 7
1 11
4 4
6 3
10 1
9 2
3 2
2 9
1 8
2 2
3 5
3 8
3 7
1 10
1 5
6 2
7 2
7 5
3 9
24 3 20
9 8
13 8
17 8
11 71 9
9 2
4 1
5 4
1 1
9 2
9 1
3 8
1 4
8 2
1 2
5 4
4 2
4 4
4 3
8 3
5 4
5 7
2 10
1 2
4 7
8 2
8 3
5 3
4 8
7 3
4 7
9 1
1 2
4 3
5 1
1 1
10 1
2 9
7 5
6 1
1 9
4 4
1 10
6 6
9 2
6 4
5 1
7 5
2 6
9 1
8 1
7 4
2 10
7 2
1 1
5 2
4 3
4 3
1 8
1 2
1 10
1 9
1 6
6 1
6 2
7 3
1 4
1 5
5 3
1 1
2 4
2 3
3 5
1 8
5 7
1 9
24 1 12
9 8
100 100 13
46 51
16 79
9 43
4 12
32 23
47 35
22 29
27 25
17 52
54 42
49 33
11 21
30 59
3 92
3 59
14 48
22 67
75 8
33 51
38 51
73 13
4 16
29 23
33 34
27 27
26 53
46 20
26 28
8 16
84 13
46 7
21 52
4 44
27 8
53 48
75 10
22 10
42 38
62 19
31 12
15 23
6 1
26 41
73 21
40 29
24 22
77 18
3 28
2 29
28 42
18 1
38 25
18 44
100 1
41 28
8 77
7 12
52 26
30 31
1 26
25 61
30 25
6 5
15 12
28 71
14 22
10 30
35 8
94 2
47 3
29 10
11 4
73 23
32 14
15 17
32 25
26 23
72 28
10 42
85 7
34 14
10 39
81 8
15 81
100 1
74 23
66 34
22 79
39 47
30 62
52 44
9 2
56 24
1 74
1 84
26 35
1 42
77 13
26 54
32 8
100 100 34
48 40
20 64
44 48
37 19
59 8
12 31
6 17
6 41
5 19
42 11
21 47
7 44
22 51
39 33
3 3
42 25
39 32
32 12
4 48
53 24
21 7
11 44
44 8
4 38
2 62
9 43
45 2
19 48
1 7
15 53
25 8
34 45
34 15
33 9
57 25
34 29
56 21
8 31
30 54
59 3
27 73
1 45
25 75
35 49
75 6
23 27
94 6
32 25
46 33
33 60
18 47
33 15
33 43
41 20
59 7
87 14
10 42
26 41
1 3
26 64
81 9
13 57
26 18
12 32
8 79
5 68
24 11
57 20
29 27
74 1
42 11
39 51
40 59
78 22
57 6
1 76
85 8
79 20
27 37
23 49
43 35
31 60
33 9
79 6
30 63
26 7
13 68
11 59
3 10
19 31
66 11
93 3
35 31
37 30
48 8
75 23
64 5
18 45
3 64
29 71
2 1 2
1 2
100 100 64
6 76
28 28
53 11
15 35
23 11
73 20
55 23
30 16
6 94
5 68
2 61
2 48
48 35
29 54
32 59
76 9
30 28
62 11
1 51
11 58
40 51
87 2
47 21
19 50
53 33
7 15
27 39
28 27
33 54
13 31
42 9
40 55
30 59
37 39
12 34
16 80
35 31
20 48
66 23
5 60
51 23
19 3
24 70
59 33
2 60
29 69
6 69
70 26
36 5
7 36
79 6
69 3
16 80
16 53
51 27
28 45
10 2
59 41
8 51
23 34
68 33
87 1
35 40
11 57
5 12
62 30
2 41
5 4
12 20
9 81
38 27
12 23
27 29
67 1
25 30
2 87
42 5
11 60
25 9
54 28
52 9
23 1
1 89
80 20
2 77
12 65
12 61
29 45
2 97
8 3
75 15
1 24
15 57
9 58
1 49
10 50
51 39
68 9
14 59
67 25
100 100 63
19 72
62 7
19 42
1 15
26 62
70 16
39 8
46 36
40 37
11 31
55 43
65 28
59 34
51 48
68 27
20 70
3 73
9 71
12 25
51 23
5 84
11 37
43 52
2 29
59 9
30 41
7 30
6 72
38 31
9 61
18 59
10 45
4 20
32 56
8 69
16 23
19 45
49 34
27 41
33 48
42 27
28 70
85 4
4 80
24 36
58 13
27 8
4 19
18 54
87 3
19 45
64 19
59 26
14 73
33 12
35 58
65 7
70 15
33 47
12 37
30 21
14 16
63 12
29 30
42 25
53 20
8 16
81 18
30 51
43 56
42 6
32 14
29 1
57 5
30 44
56 8
14 46
50 46
31 58
1 76
67 32
59 8
25 42
81 14
13 46
35 33
7 69
10 5
20 76
1 69
29 8
67 7
10 56
19 27
21 22
81 12
43 56
3 24
53 34
51 30
24 3 24
9 8
13 8
3 10
100 14 40
8 35
12 62
66 2
18 25
9 79
20 32
26 25
37 60
27 63
3 3
8 80
60 16
31 29
46 9
24 3 5
9 8
13 8
3 10
100 100 47
13 44
42 16
4 35
93 1
51 47
26 45
52 9
16 80
11 35
50 33
38 3
71 28
35 58
11 4
37 41
17 36
42 48
59 16
32 39
33 40
40 44
88 12
15 19
9 91
3 67
13 67
4 53
1 66
65 12
38 25
9 20
26 53
56 12
20 52
14 6
8 14
7 82
44 14
18 51
34 42
4 71
82 14
4 58
3 19
23 4
15 64
2 77
59 22
1 37
45 35
35 40
63 38
43 53
21 49
24 74
1 70
37 26
26 36
69 4
14 47
5 30
38 47
40 59
19 7
77 20
26 4
24 72
45 42
15 50
8 68
38 46
31 69
21 49
15 57
2 86
89 4
27 10
54 1
1 56
11 74
28 22
34 18
13 64
16 70
33 24
58 32
50 42
20 53
11 49
15 77
77 17
41 14
27 11
48 30
8 61
30 61
12 11
84 12
8 18
66 34
24 2 7
9 8
13 8
24 3 13
9 8
13 8
3 10
24 1 4
9 8
100 1 10
1 100
2 1 2
1 1
24 3 11
9 8
13 8
17 8
24 3 12
9 8
13 8
17 8
24 3 2
9 8
13 8
17 8
100 100 82
34 67
47 3
39 52
55 43
6 50
62 27
55 9
98 1
3 15
15 24
25 25
12 12
39 16
14 1
90 8
6 71
43 18
13 19
56 11
54 40
46 8
17 4
47 1
15 28
26 31
62 18
74 19
29 2
24 36
14 44
56 29
13 86
27 13
25 73
2 29
21 30
1 60
47 16
23 6
23 31
4 86
38 55
63 26
20 45
18 40
12 41
8 36
12 10
5 56
31 20
4 30
42 5
12 5
25 35
23 21
12 68
9 87
52 4
6 50
43 41
57 12
28 68
12 43
34 25
32 18
78 13
19 61
19 54
9 40
7 21
90 5
2 86
33 26
21 40
50 17
36 57
45 45
32 11
62 25
28 3
13 30
60 7
29 3
28 27
48 23
64 34
6 12
37 26
28 50
51 13
49 26
24 52
21 23
24 29
2 50
31 45
29 66
1 96
12 72
12 80
24 3 15
9 8
13 8
17 8
24 1 22
9 8
24 3 2
9 8
13 8
3 10
24 2 6
9 8
13 8
24 3 10
9 8
13 8
3 10
2 1 1
1 2
24 2 1
9 8
13 8
100 100 80
86 9
8 56
90 11
8 30
12 27
29 36
30 29
49 13
3 75
24 40
63 34
35 39
4 10
17 24
1 12
70 9
8 16
1 30
7 85
31 12
51 48
46 11
49 31
87 2
3 97
33 4
2 76
13 79
32 5
9 23
2 85
7 51
43 27
36 3
3 84
57 19
26 39
66 19
4 78
28 23
84 8
32 63
6 82
24 35
32 17
63 24
33 12
87 9
15 80
28 72
39 54
7 21
51 18
4 90
31 22
65 32
42 9
1 96
37 58
13 37
77 23
55 38
71 10
36 8
6 49
15 71
15 10
44 21
4 15
83 1
18 23
35 60
25 55
25 67
42 54
49 52
13 88
29 2
39 20
22 54
6 6
46 50
31 47
7 44
9 81
85 14
91 5
37 48
57 42
40 35
21 7
1 88
25 41
14 77
73 3
60 2
16 20
22 27
59 7
72 22
62 35 51
35 18
35 7
5 43
38 8
14 28
34 29
22 18
4 45
3 25
7 23
11 34
2 52
21 2
21 9
39 5
7 21
30 15
25 19
38 2
1 5
12 23
25 25
20 31
40 16
14 7
2 26
34 19
4 22
52 10
19 30
26 32
15 30
24 30
14 34
21 21
24 2 3
9 8
13 8
24 2 11
9 8
13 8
24 3 18
9 8
13 8
17 8
100 100 61
7 51
49 2
37 32
19 49
52 25
54 29
31 35
29 57
48 53
20 3
52 39
16 58
47 30
5 46
26 43
66 2
22 8
10 53
27 73
44 39
6 74
24 35
17 36
88 3
18 52
21 52
17 65
71 2
31 15
72 26
3 9
30 46
43 26
22 39
44 3
29 45
1 47
22 45
8 71
28 50
50 7
23 49
12 9
11 5
25 72
20 3
75 10
11 29
28 58
61 10
75 5
10 25
5 54
38 27
41 8
28 51
54 8
34 11
69 13
77 2
32 55
62 27
42 35
79 12
3 72
1 77
27 3
11 39
5 9
4 51
52 42
2 73
36 30
12 59
27 57
3 39
11 79
39 43
62 35
52 45
4 92
1 90
22 8
95 3
96 1
5 7
3 77
14 50
32 20
41 27
9 78
28 18
16 4
37 39
28 6
25 14
28 50
45 54
28 12
70 7
24 3 21
9 8
13 8
3 10
86 43 43
74 10
21 17
75 11
53 5
40 22
19 68
2 54
21 63
55 29
52 31
64 16
7 6
55 18
14 30
9 56
21 6
35 33
55 5
2 83
71 6
9 37
15 5
17 64
5 47
20 13
31 50
8 5
13 12
27 21
5 24
16 63
28 57
7 39
29 29
34 50
9 77
10 41
48 24
6 7
9 23
43 42
41 40
1 60
58 45 47
11 46
26 2
7 48
18 17
18 9
32 27
11 38
47 9
42 8
25 31
15 44
29 30
19 19
15 31
39 10
34 20
18 23
12 33
15 14
37 11
2 47
3 49
26 25
14 37
7 15
17 42
32 24
12 38
10 15
19 35
25 32
6 27
9 50
36 21
25 21
23 19
17 12
34 16
9 49
1 6
15 2
38 10
6 52
5 28
23 35
24 3 9
9 8
13 8
17 8
43 85 31
9 35
7 34
5 6
17 4
20 11
13 18
19 19
14 9
1 7
19 7
11 8
9 29
18 3
30 11
6 18
2 3
41 2
7 7
3 40
41 2
40 2
26 4
27 15
3 10
8 34
4 22
10 11
17 22
5 19
10 32
3 16
2 35
6 38
1 35
7 14
11 19
32 3
2 26
2 41
11 12
6 32
26 8
3 26
1 29
23 7
10 5
8 6
21 4
31 4
26 5
3 10
41 3
18 12
19 4
9 32
9 9
22 7
3 34
7 7
16 5
5 25
17 14
1 6
41 1
27 8
27 8
28 9
10 1
28 16
20 10
31 2
8 30
11 26
34 4
9 34
12 12
33 10
6 33
4 26
9 17
22 19
18 21
7 22
3 41
29 4
24 3 3
9 8
13 8
17 8
1 1 1
1 1
24 2 8
9 8
13 8
47 77 4
24 3
17 3
13 6
1 17
17 31
15 7
14 19
40 3
11 31
5 41
32 15
28 3
4 31
1 25
16 32
34 11
28 8
10 8
13 5
15 15
2 13
22 4
25 15
11 10
1 14
12 8
4 35
30 1
19 8
12 28
33 8
13 22
9 10
1 40
6 1
22 14
18 6
24 24
8 11
2 22
14 23
12 32
17 5
14 2
8 40
26 9
7 8
19 1
37 9
20 9
17 7
23 15
22 24
7 40
23 19
31 7
2 17
10 9
1 46
19 16
14 28
22 4
39 4
13 21
4 17
5 37
20 24
32 14
1 38
17 3
5 24
12 34
19 22
1 29
23 5
7 14
15 21
24 3 20
9 8
13 8
3 10
24 3 24
9 8
13 8
17 8
24 2 5
9 8
13 8
24 2 19
9 8
13 8
2 1 1
1 1
24 3 11
9 8
13 8
3 10
100 100 43
7 2
9 83
30 45
46 49
3 76
69 15
5 47
11 30
38 30
32 10
19 45
61 12
48 20
18 20
60 27
17 70
6 79
66 34
68 17
73 15
9 15
10 52
26 46
17 41
17 27
2 25
74 24
12 15
29 4
34 50
3 69
9 62
35 2
52 1
46 54
11 10
22 45
10 38
22 58
52 5
9 92
55 21
90 9
21 14
28 31
57 17
45 3
37 13
22 65
6 19
37 4
12 51
49 21
34 52
85 4
27 37
72 9
48 6
4 29
4 18
63 13
8 30
43 13
35 34
13 20
2 33
18 81
23 38
5 26
29 62
63 28
7 82
6 17
8 91
12 77
18 10
10 9
80 2
37 23
54 19
64 8
23 43
49 34
15 45
81 10
40 36
53 9
48 18
7 80
14 68
3 96
45 23
13 21
1 50
26 17
14 71
22 25
8 7
43 50
41 37
24 2 23
9 8
13 8
24 1 17
9 8
9 91 9
2 5
1 2
1 9
1 3
4 6
1 3
8 1
2 4
1 3
3 5
2 4
5 5
1 4
2 5
1 1
7 1
9 1
1 1
4 3
4 6
8 2
9 1
8 1
6 1
2 5
5 1
1 2
3 5
5 1
5 1
3 7
1 9
1 5
8 2
6 1
1 1
2 8
1 8
2 1
8 1
3 3
2 2
2 7
2 2
7 3
7 1
2 6
4 4
4 6
2 3
6 4
1 2
1 5
1 5
2 6
1 1
4 2
1 9
5 3
5 3
5 1
3 6
1 5
3 6
1 2
3 6
6 3
4 2
7 2
1 6
1 1
3 7
7 3
7 1
5 3
7 2
1 2
4 3
1 6
5 1
9 1
5 3
3 3
2 6
2 7
1 5
1 9
1 4
3 3
7 1
3 1
24 3 4
9 8
13 8
17 8
24 2 18
9 8
13 8
24 3 17
9 8
13 8
17 8
100 100 15
42 45
30 26
45 28
69 3
93 6
60 34
46 51
26 25
80 11
13 44
51 49
34 27
8 2
66 27
49 45
18 13
32 24
41 18
9 24
9 65
30 47
7 45
21 46
19 75
63 1
1 27
47 27
63 36
92 5
23 54
23 26
42 54
1 19
60 18
21 25
7 3
42 34
73 5
17 44
23 6
72 8
4 38
78 10
17 77
5 34
50 28
77 24
22 57
74 6
91 6
22 19
35 53
19 39
14 57
18 78
15 40
8 29
69 5
60 24
3 31
24 21
29 35
45 20
19 11
30 63
3 65
36 32
54 2
29 68
3 7
7 18
36 59
68 30
34 63
9 91
17 29
4 50
18 28
6 62
86 2
53 46
13 9
50 11
30 3
6 56
7 80
7 47
34 43
26 51
74 24
10 62
57 43
16 22
52 18
57 19
20 24
20 74
35 14
4 84
22 32
24 3 7
9 8
13 8
17 8
2 1 1
2 1
24 3 1
9 8
13 8
17 8
100 100 41
25 68
63 17
1 95
63 31
32 64
33 37
15 10
24 61
8 85
48 38
84 4
73 7
21 59
46 20
66 33
20 66
39 26
12 35
66 21
17 12
10 17
10 40
9 56
30 3
26 69
29 37
21 49
76 22
3 54
79 6
56 33
41 37
48 27
87 3
23 65
13 53
13 42
18 46
8 32
44 8
9 65
17 11
72 4
18 60
94 3
26 74
44 38
20 63
7 16
9 44
79 12
48 26
66 18
33 45
31 61
44 54
15 4
7 82
8 42
32 46
57 24
2 73
52 6
56 30
27 2
41 18
50 4
28 11
74 11
43 57
6 31
63 32
58 16
56 5
40 59
34 3
28 57
35 1
17 20
5 95
4 83
8 93
15 76
72 23
38 41
25 38
11 5
11 35
29 10
8 78
25 50
51 18
91 1
1 76
40 53
38 12
6 76
10 49
26 7
20 29
100 100 85
9 23
82 10
54 5
28 13
4 76
43 20
94 2
69 28
28 11
4 71
50 26
29 39
11 88
2 25
44 32
3 82
58 21
8 71
88 3
18 68
14 69
33 40
16 14
73 3
1 15
64 1
32 33
32 40
64 12
48 42
8 46
2 93
56 43
8 33
1 27
84 5
38 6
32 24
60 16
29 11
85 3
7 13
15 6
52 35
33 24
71 28
6 95
37 61
77 6
36 57
25 44
69 29
63 11
20 15
17 20
20 16
87 8
35 38
6 41
7 71
42 37
39 36
29 49
30 13
31 17
6 37
33 52
37 31
3 11
7 62
40 29
28 17
1 15
7 46
38 8
49 27
1 98
56 40
14 11
51 42
22 70
7 1
47 18
10 42
1 32
39 20
11 59
20 74
42 6
35 22
30 48
42 58
36 26
41 25
63 19
19 23
8 63
24 65
26 10
47 32
24 3 5
9 8
13 8
17 8
24 1 11
9 8
57 91 21
24 3
16 10
1 10
47 1
8 48
28 20
25 32
12 21
41 4
6 9
2 32
24 29
8 17
35 17
4 19
19 23
41 15
1 55
15 15
41 1
40 15
10 5
15 20
9 38
7 30
44 13
30 5
29 16
17 9
7 9
30 15
13 25
28 19
7 1
45 1
37 15
38 1
41 11
5 28
6 11
16 21
24 10
46 6
6 38
18 5
22 3
29 21
13 32
40 3
1 10
8 17
35 16
11 6
5 14
20 14
34 11
42 9
5 6
9 11
33 17
25 25
6 2
49 5
3 38
14 20
13 13
25 6
24 7
13 45
26 1
23 13
28 6
11 44
9 32
2 30
33 6
37 18
15 41
27 28
40 13
11 34
5 45
19 7
8 3
11 34
6 45
9 19
11 1
20 37
1 12
4 1
24 2 22
9 8
13 8
24 1 9
9 8
64 100 35
10 15
44 3
15 36
44 2
19 23
31 34
9 40
34 16
43 15
3 18
19 8
2 19
37 16
9 24
13 49
50 11
34 9
41 11
40 2
11 33
9 7
41 9
4 56
29 14
7 34
11 6
26 30
5 4
26 24
11 39
21 23
56 9
21 19
1 24
29 33
35 16
8 13
31 19
8 35
27 22
37 8
7 23
4 25
14 19
3 60
43 2
28 34
12 33
25 27
1 25
5 44
51 13
4 46
53 2
10 14
8 26
49 16
10 48
8 14
52 13
22 2
17 25
6 9
37 6
7 19
10 49
22 16
12 15
11 26
3 44
11 36
13 18
47 9
34 14
46 2
10 5
32 1
14 6
11 12
3 16
34 1
8 16
19 24
18 8
11 5
2 17
4 36
31 2
6 39
9 44
49 11
45 10
5 49
37 27
32 19
27 1
32 31
32 10
28 9
4 19
24 3 13
9 8
13 8
17 8
2 51 2
1 2
1 1
1 2
1 1
2 1
1 2
1 1
1 2
1 2
2 1
1 1
2 1
2 1
1 1
1 2
1 2
1 2
1 1
1 1
1 2
2 1
1 2
1 1
1 1
1 2
1 2
2 1
1 2
1 2
1 1
1 1
1 1
1 1
2 1
2 1
1 2
2 1
1 2
2 1
1 1
1 1
1 1
1 2
1 1
1 1
1 1
2 1
1 2
1 1
2 1
1 2
24 3 10
9 8
13 8
17 8
100 100 50
14 26
18 62
83 13
4 8
14 37
18 13
38 12
4 58
53 25
11 90
9 48
49 23
28 55
69 2
29 63
25 59
23 62
34 49
32 49
14 16
19 15
46 38
71 1
12 28
79 10
40 32
48 13
30 32
15 22
11 55
29 15
82 8
73 2
44 6
15 77
72 11
43 13
83 18
57 25
22 61
40 34
26 63
49 6
29 63
75 20
15 55
24 75
5 30
15 6
31 11
34 2
66 28
45 19
38 1
47 13
11 39
90 7
17 58
42 45
47 21
25 4
16 49
17 6
62 25
45 36
34 19
1 48
23 45
14 1
3 55
86 10
31 4
1 1
45 5
60 30
25 69
2 56
20 48
22 40
27 22
29 46
19 79
29 22
42 8
37 26
34 1
28 54
36 60
46 29
35 2
38 42
63 22
8 8
40 33
51 9
35 61
37 61
39 42
2 44
10 76
73 66 21
7 40
27 19
13 7
32 19
6 49
70 3
42 9
24 33
37 23
1 16
17 44
7 57
48 1
33 39
19 52
58 10
3 27
23 2
20 51
24 4
62 8
49 12
2 66
46 23
11 46
26 2
39 22
61 12
21 10
14 40
27 26
62 8
54 10
25 9
13 8
32 19
33 19
7 47
36 20
5 9
61 12
8 57
62 3
16 39
26 30
29 36
2 15
17 43
21 35
4 62
28 45
11 60
43 19
17 33
13 44
17 8
30 3
15 28
32 5
35 28
32 20
11 16
13 30
13 30
60 10
40 34
100 100 78
37 58
47 52
18 78
4 16
2 8
18 15
12 7
29 29
78 4
54 28
42 32
3 19
33 41
7 9
59 35
24 34
12 8
74 4
11 72
19 75
56 39
21 75
42 40
84 6
6 88
11 60
43 24
23 70
14 20
4 15
9 9
2 16
9 72
39 35
82 5
10 78
35 60
23 25
11 20
49 43
23 70
40 17
48 45
57 28
39 12
59 19
11 53
64 24
48 35
14 81
91 9
51 36
69 13
55 33
13 1
54 4
39 41
23 68
16 3
23 15
18 42
71 15
40 58
46 37
3 73
2 3
19 51
10 5
7 6
13 68
40 49
71 13
6 31
6 19
46 22
36 64
34 51
24 4
50 43
33 57
54 47
35 26
69 23
16 72
26 59
22 50
1 78
62 16
17 54
15 66
10 66
63 35
9 42
56 39
21 75
7 81
19 26
26 68
17 15
10 56
24 3 1
9 8
13 8
3 10
24 2 4
9 8
13 8
100 100 74
53 35
55 40
5 52
9 76
62 29
26 42
81 10
57 19
6 88
2 21
56 1
32 68
49 11
13 65
29 68
1 20
17 62
49 8
12 60
27 37
15 41
6 80
8 66
12 78
21 11
12 3
77 4
39 23
73 21
53 38
37 35
42 22
57 31
12 80
3 80
26 68
68 28
12 63
35 24
6 24
83 3
25 10
61 24
50 2
6 29
35 35
50 41
67 29
5 17
43 12
30 16
46 15
11 85
8 74
14 25
68 22
72 28
25 5
23 24
9 72
50 18
39 26
35 54
27 51
53 36
32 32
33 32
21 24
74 22
22 50
24 50
48 39
28 33
39 22
21 56
24 10
23 69
2 79
16 25
62 25
8 35
45 12
11 11
39 20
3 43
18 6
12 4
18 45
27 53
46 13
48 45
7 75
3 45
2 22
79 12
27 11
4 69
9 56
13 49
11 74
24 3 8
9 8
13 8
17 8
24 1 24
9 8
24 2 20
9 8
13 8
2 1 2
2 1
24 1 2
9 8
24 3 16
9 8
13 8
3 10
24 2 13
9 8
13 8
41 44 6
16 13
2 16
15 25
3 6
26 1
2 28
31 11
13 22
30 3
9 27
1 37
7 32
26 7
20 9
11 28
15 4
23 12
7 35
7 25
20 20
4 11
6 36
24 18
21 13
20 10
31 5
26 7
36 5
15 17
17 1
17 20
8 32
25 2
35 2
5 26
21 18
33 7
8 26
4 8
6 3
3 34
1 39
4 7
14 16
24 2 14
9 8
13 8
