828852
172703
808737
151115
401544
577142
444316
537541
853974
302259
246018
285148
761686
901079
629658
876257
453643
827968
804394
49813
765704
659489
710624
301449
80010
285518
818465
747988
593119
58575
540602
887124
638439
636724
665849
762660
800787
489250
422188
739601
256774
729583
954981
254995
942423
906275
294960
739124
433994
683957
975772
83693
635620
825077
953186
414208
624018
222028
191284
21527
98844
432439
816248
48991
707478
837704
889130
639324
340671
79038
566310
199677
373471
5342
475779
655730
628627
121569
472994
887880
965347
922260
386802
606288
898851
291785
408346
742554
211857
767037
758724
607754
567210
452868
145299
547748
842477
642431
84235
320919
32961
652002
784998
289991
2744
508315
575040
625783
391116
105412
104251
881894
133802
271710
789682
508830
646131
113032
688825
698221
384388
826220
27124
54260
121108
387824
742405
1
182936
433236
539290
388898
792939
758020
14680
770779
873062
965387
416029
551499
118778
777333
550020
89199
474279
568390
57826
759230
801567
543621
186513
405892
585497
237708
67954
540341
198636
427145
122562
8479
566692
218675
346761
30794
718053
688574
454700
441221
321529
648018
320485
580295
931925
564324
636794
43812
427004
202071
487933
52825
930612
51536
265326
12837
772757
499133
2392
596766
987061
932239
224550
22751
594041
114391
24234
237820
212921
882579
872669
996922
353037
652615
772124
317876
810775
35081
902144
542063
661716
709413
990817
554253
139842
102814
176358
566179
237970
166796
685529
245091
983187
927277
191273
66799
655825
891614
807015
59757
451719
583545
121
573647
51743
595400
961958
987425
855761
555357
893392
859420
571057
250566
660713
306848
126794
958398
312684
151036
527636
279067
771028
846635
851195
526995
781953
884112
514272
908428
488341
490878
654801
256539
328976
77520
245172
737789
891590
277508
323136
673524
373477
587675
658880
804357
552410
816885
361827
481640
649112
935345
59332
823952
769338
657638
672956
584215
357696
862329
507723
502575
842886
642793
683592
811460
392710
556185
866284
622253
591815
525394
950342
399574
146041
616853
620006
581540
336309
475201
978915
994624
608186
478664
246553
256513
392783
722414
627940
718494
826130
215261
488726
55773
114024
489470
724652
785864
183650
905797
343331
388026
575094
232571
801527
483936
446870
171043
570013
433905
502467
733635
612385
29765
585647
132204
783957
950299
414262
261439
858340
658332
899522
775058
616514
698985
584215
57779
615781
202663
653636
100169
650181
852054
539020
177524
488277
899716
964615
914158
794309
547771
406940
762962
15828
788702
137613
249155
175720
311414
499304
272078
591209
225480
389518
545425
233620
781764
37859
214883
415040
812732
159874
528405
661692
683161
449569
481238
272409
110499
135094
163164
642331
549913
94585
983766
101807
81538
788293
651236
526185
998187
121827
588731
425088
31240
636143
711601
529431
826999
393895
901592
445240
585043
960575
968220
922565
238411
567288
536028
17493
763654
152933
517600
790958
271935
105333
141515
119022
345339
298372
982728
466507
75394
821413
796076
494462
911510
932558
392042
519654
216758
334912
374890
214617
956707
449932
30956
62364
820128
851599
954474
370705
250822
517470
703188
723874
668137
846669
538080
318681
828406
721451
148940
980676
928461
248739
502941
698751
608811
683379
4462
254006
907198
336197
723799
157660
943771
496956
671745
670
108893
187858
433628
327136
592581
754968
209452
252856
249623
981739
46619
465947
209582
950440
988523
294163
822551
955068
563251
678114
247719
844621
847142
851353
538604
1283
400
333777
663994
780996
743394
427746
690802
671328
762281
700891
635469
296789
641804
902165
108013
26500
941438
628134
14705
258036
591917
553119
470092
192524
996022
985413
404862
646594
473241
602599
495856
3282
718928
613688
652770
276798
869039
880689
394103
563005
57886
225332
279278
55319
653561
742008
740793
974089
380260
384072
296236
64169
161057
752142
868307
452987
77521
681169
712899
513961
759462
887331
996773
896592
20654
793848
283259
120785
656716
535283
244833
1000000
249627
87341
47560
773465
290337
304697
300970
897803
317976
203499
233551
314312
451693
649394
696154
772479
22313
744292
354631
336330
799255
282592
1662
659423
289778
533346
952057
492363
642101
341401
44465
689973
18122
743207
231961
476199
83671
958839
441417
595547
578450
835513
722828
299840
479965
849923
46322
4631
662805
213283
525916
252016
594787
614182
246845
781021
951742
456758
710893
496650
768270
82275
964764
403535
213929
711031
268979
800319
985338
851052
905967
657926
122364
823304
829200
859125
538952
910620
703866
189998
265739
214353
383044
176577
479906
745769
635107
571160
146912
972276
123680
660945
246369
279841
630048
345199
260906
181793
304607
681476
649146
544521
714407
563452
547882
512932
657760
169572
120045
239052
434338
900516
337608
138384
842513
369527
483479
722747
517373
226748
661468
598279
177356
347186
807366
391780
528675
260058
77782
856844
176390
733380
568276
182406
807811
710311
540398
574658
67320
914493
153077
127179
142925
969587
866083
23076
372151
967999
288583
842126
444840
544172
443401
961495
260925
21557
55127
542732
770669
439431
68694
296424
752199
128260
908521
375646
211727
14854
601396
152920
103373
299237
583684
187586
914703
394554
965480
25323
686697
237459
276424
306539
554062
977979
71883
155341
736337
811401
36909
242276
555321
686832
716592
621935
421107
296703
394858
909338
543320
860165
545004
692866
359934
816870
716270
443462
600195
232888
343626
665685
69544
730226
353492
346345
224100
96420
68989
766223
296706
669736
315772
4096
101856
568763
353937
719872
626408
771068
981898
516079
655693
55893
843591
168924
427927
46987
465687
580828
598346
916447
583167
494116
375392
315291
431800
486660
590271
693511
65836
429717
819165
90348
597955
900438
689702
952102
766127
121274
167126
945098
63495
712850
493674
500383
686403
912918
330408
797953
62546
375641
102252
149935
155266
712481
192336
744827
235200
321878
494653
697634
329436
982110
236331
98555
49
905625
978684
686795
532422
674553
431634
875712
537889
155692
871109
801418
210269
567026
99327
245902
447539
361222
57691
640991
880948
285378
424484
487441
902100
575151
626448
734774
544407
48777
922157
500254
304815
4793
119732
473431
447787
877517
28827
868041
790162
815741
323126
763130
680554
215118
127884
763448
249317
42875
566531
525392
693340
8836
947916
416439
364452
406977
59272
30692
678893
977144
718355
133986
776474
37511
229125
188318
218244
7480
547985
271090
549136
64900
915308
20879
252080
514200
218452
747270
372913
778787
907312
914825
642587
467792
557767
439011
113754
22348
722131
226009
279978
86430
229069
358760
95019
270416
764880
229611
476058
645490
898157
385873
898168
29879
140526
858197
272736
37020
853702
923413
472687
312160
561076
285444
783320
199120
22412
477826
604720
398486
23235
337403
626373
630599
725146
485114
295385
0
