393322
504642
152458
546071
579824
802090
153492
462198
713661
307475
743490
822224
919384
219339
90528
344276
928918
459749
149662
831614
359369
344024
53064
403338
441777
412137
821783
941991
670133
9682
508908
906403
633542
501056
236287
520681
138297
456496
474862
256944
309579
865739
902661
336371
378136
707703
318935
130159
586385
318234
635638
111578
14924
673123
932487
781560
437220
580361
32226
48282
149931
371427
471891
419473
819207
694141
70119
665935
560147
665538
953984
704464
913789
676295
488426
464490
153246
587962
436489
955708
339076
869830
825966
239378
49
479217
588672
278180
430541
405411
846238
53046
371552
775167
622708
10950
399383
413373
856411
69393
789584
869593
152109
890944
239310
521779
879725
31215
197676
36931
265305
410315
512642
934341
919099
978803
905690
545744
396779
971061
388579
662288
871765
479381
715206
295543
188829
546691
669102
48818
280517
177579
385005
570254
597996
558732
896540
96753
30205
226340
212692
581060
355109
902871
728308
330019
313767
640287
124801
550059
257030
921907
360934
457315
670171
35823
178997
506920
433296
526813
784274
993336
836934
970392
294385
944384
145530
428219
870390
153356
549253
409478
876407
795234
890745
944
997397
310809
853098
746895
296145
246409
842007
579178
898015
343885
717876
855678
86246
978022
87520
620191
823961
169545
705643
710134
892218
324890
99055
82607
4
523609
343990
594801
277760
721766
885655
567651
810281
924000
744584
743656
274270
542179
598550
350799
808431
667301
987727
99981
278482
313653
218964
701921
382401
776089
563475
399078
360118
887409
239060
202593
825544
1
235023
378296
211823
900362
795941
578949
94468
330730
374154
965653
30401
240605
319607
945087
962321
18055
879934
407359
38958
646114
731245
829876
812690
673397
231634
136125
700458
934254
173619
696704
41564
117425
799984
45959
794919
423215
660685
760648
325222
331128
404117
295426
457219
59373
300370
535192
389740
721821
128450
254685
791331
888777
138302
18893
935762
629400
220946
50513
146788
137890
386986
100700
154786
437953
235253
901132
223669
873114
552950
540581
175535
716192
474059
708669
888121
342936
635877
514916
101015
670900
704935
375477
824641
211436
926022
548817
80146
928242
824597
55007
612608
936468
188004
591624
497664
73853
583174
1000000
109328
779461
315588
543558
908697
641485
774012
484238
165618
764337
851523
231400
640593
719937
945002
846529
432027
596311
4913
98279
435057
723091
49723
166141
264665
304812
706935
485650
951670
143761
917016
897546
811269
800301
248929
882607
48876
626501
529707
303924
467014
713278
16144
759510
139148
627285
522734
175476
236200
353217
655951
722221
821383
506009
192585
512103
280658
278530
936499
150499
179749
259603
551015
665720
422071
182092
996053
61384
580257
654784
567146
362186
193989
799686
174124
496153
983499
522257
46512
422463
17094
619377
822243
228424
46342
406612
817383
720850
344291
442336
692234
301069
38657
430997
640817
245358
240614
322493
243213
279919
161590
440832
345247
683496
445084
85361
27000
302394
665736
103827
669814
247036
275515
93363
587309
351923
509111
781399
399635
37886
36946
433283
284049
880996
252910
371984
225644
92940
211981
92372
675341
941337
238177
122173
932588
575246
270397
690727
621504
620673
505954
966148
382358
471257
940428
882667
629646
264047
502671
66396
674399
770576
750045
659219
791122
109296
748424
305153
222650
897386
607777
745357
261128
756107
961082
911571
74319
211205
8330
221573
225356
990748
869306
359988
774131
748206
755188
500851
714656
156991
730485
719218
703162
587806
991937
40652
389963
580382
71620
897630
550733
951875
870597
552526
251937
563650
673057
251805
496376
771610
280462
13674
883119
810439
259611
254144
624671
195929
937945
824741
540414
811677
232397
116774
808736
471556
432703
834008
779877
326976
629066
676361
53016
849634
794765
744650
355408
522806
766385
664099
693050
302395
712849
52554
232988
458595
439961
18420
713867
449557
260922
513276
322634
641536
19561
858897
78871
610788
24347
668957
748553
63428
86553
867766
303969
813711
49641
17174
126350
710719
993018
447859
361116
480378
197720
780064
813319
790380
906741
586086
31355
30121
7312
849552
356758
650221
214671
47074
893258
192659
70308
354122
420150
505375
552874
227751
203341
705130
351933
690304
647624
709118
893985
904039
371760
955810
810979
696953
305127
243956
641932
779854
815007
526682
244267
180153
784285
37188
77838
78105
17048
809933
623645
150446
989849
856566
645730
605264
417601
957980
272824
760627
689844
539648
227671
908698
864835
133980
359333
454392
658468
321140
611382
189075
896533
18442
180734
308360
646500
204883
642708
894339
82340
719518
160303
403176
941115
389849
384914
321963
573637
515919
221817
293508
720137
838096
376056
947858
134959
805465
895957
60081
314455
791889
355512
577151
870302
44905
523637
729265
307406
895745
294411
351379
804472
272949
720666
658086
144636
87653
808210
223668
545161
205611
91387
756995
6566
966339
966158
667382
72568
912457
80866
647642
395771
631972
825837
688386
456194
125118
21222
526438
583077
133865
232002
869974
513823
401230
355250
692768
730681
792236
266186
919992
331205
527491
350252
178737
801504
503127
263364
801447
447370
400185
189972
53020
587599
176724
352577
276869
304212
885011
937018
631622
358875
540606
905070
838398
152484
112733
986163
544866
4
180315
998187
98990
282885
103764
863328
335659
284409
179608
260196
405115
896903
638907
988012
882547
702019
88285
417436
338648
751380
448211
487521
987721
49871
625957
461638
159910
900081
359761
708764
819403
882014
84369
923413
170913
278518
949155
432536
877580
443174
117649
272669
604607
705437
524581
896222
378536
747201
104031
960736
27034
970737
407718
673419
84814
638448
879214
721412
148326
74705
909418
595151
494638
629594
753237
975582
392235
527055
387276
623990
784785
537433
98154
892069
32439
420657
215124
469059
605682
325225
607163
80001
156891
876460
148959
948109
488975
332993
606442
800315
345139
70375
781912
468079
977781
9695
304732
858334
250408
349042
856939
974431
554371
659864
295148
967812
12845
392903
865683
751171
131840
15139
708946
228598
927079
31564
45055
450147
521312
598822
972230
673513
130365
310095
887929
315191
769913
688176
42939
401300
604716
708345
993560
215463
968389
6342
851772
167111
859443
279022
775905
830507
165421
378586
86345
546830
475301
520658
951661
907223
57189
190123
58429
684001
678022
929048
863721
882792
25311
327723
734643
876285
382457
819898
671511
68794
847927
349826
51794
359099
344170
766676
423860
105079
683299
151825
99577
33364
816057
490827
182033
396826
286850
50149
558838
268949
571530
785993
995802
725603
5050
87734
999053
421032
209934
170552
308090
880213
753175
285425
103823
674381
74905
207140
848194
420086
157711
747063
613760
905791
243283
787255
271732
13026
625
627006
452704
594690
818461
709699
674425
830720
214559
6462
385653
0
