406771
268416
500312
457391
479606
894180
153859
953720
590432
278302
660612
620252
468518
37404
116015
158926
19635
573313
675614
914659
317827
514114
451755
577497
397763
903842
71802
293151
952966
885631
598073
912177
395594
981077
724031
275105
638560
571861
152520
356113
130123
995768
371105
655826
676457
861739
531154
933955
906105
896263
451630
886568
783931
240841
965231
310259
78997
203841
263798
426561
512488
484764
849212
844801
598612
61446
211970
861262
245105
165951
864823
345268
460382
553797
481719
342022
71559
888625
776527
644129
198063
139635
438759
507532
58382
964735
185928
493301
668344
478473
858768
311040
315003
993456
19124
550505
603273
328360
676425
315024
667741
15701
507891
929271
274758
41652
796457
916801
81511
461101
819314
845405
564706
774746
656385
379996
106006
407416
660014
167564
154881
5927
682260
315569
266244
608957
250389
273276
443932
438492
384209
939942
992720
523031
272903
907043
887103
872207
802072
981863
726010
909335
157970
409830
971891
475832
415712
122982
602707
784094
31312
501252
234888
726121
7470
216809
53164
396703
300783
165894
203719
901270
343640
619600
888196
577057
517787
577042
569594
456926
49798
560764
424167
660783
473
84433
957880
623828
360381
367232
85751
415774
388304
150998
636062
957738
763011
118434
197908
991674
86223
546603
788255
381821
798149
843442
246385
992342
365988
99427
369039
523688
512171
381057
386931
481946
905404
905228
822045
410093
457855
352764
755790
440493
546532
887749
427000
485411
70597
650213
792042
927082
582917
893402
57319
894786
920602
252830
368008
331564
507961
508417
846473
912812
675217
850984
981469
137563
115820
735172
211336
517377
194265
163927
383856
316517
37187
257832
426574
666429
381848
191558
594717
470807
15142
954899
718395
731530
840163
934314
124089
522664
508720
196458
329707
299482
323278
798483
209351
255654
595904
839752
470194
120491
721285
638323
393944
217005
916634
968771
433054
942476
692893
865567
568231
938832
116582
161990
804316
154855
486099
717396
644013
66372
906165
363176
659417
907605
204222
819335
584910
22423
467528
489350
7342
385029
85961
293809
384361
967890
999173
512144
123706
85549
228742
749581
566612
797926
731900
223935
771856
647377
702948
172749
629865
273387
759132
947836
259046
327692
208251
499869
771156
192839
49
232549
709269
557810
495068
928299
995808
523443
918670
368647
307396
783780
705009
556183
825656
386104
156989
452816
496193
677430
170567
195691
918651
497998
879251
2529
483635
103357
941699
527610
217450
511502
305235
94173
202736
651435
358378
385338
835850
813926
243742
349038
260551
770398
430630
330474
848610
671503
862894
311762
647321
484050
196002
551398
626460
536150
3136
944156
997121
676
58023
183515
362986
423126
480456
114899
945401
816254
560564
637492
814371
564013
804337
3240
739788
946638
764692
984483
736829
748714
200916
8767
53641
305101
58250
478801
173557
924283
290586
590035
895813
781662
988295
917676
562501
274636
556350
748715
728582
825386
445713
150426
600114
306218
208709
483238
712607
371071
777056
635103
640619
623911
799729
853701
61116
987905
958901
208146
654899
775539
64622
597398
633426
939817
91190
805075
418736
646882
814024
144554
539534
207548
672919
316258
470783
454480
342758
412150
408945
157009
489997
201802
491450
782345
452296
875539
937202
907213
779101
586412
571478
879924
580738
484
290257
625016
31779
707434
770500
314442
226910
950552
169659
82785
545987
416979
746792
363806
663011
374628
565002
329171
120075
366445
114671
985370
203155
274625
117565
998129
886613
977678
931581
481626
838609
390190
705922
700511
414332
886284
539487
818857
608360
492968
451620
214161
630436
563926
701975
980733
167579
638936
33967
198812
268109
409421
655876
587916
900579
205588
141124
471927
909759
267437
571773
592114
488250
826606
827629
138129
112309
590171
73195
135689
545115
663930
791418
871688
896550
577704
519362
892290
350531
232941
872652
869849
979099
910764
239788
24617
500384
238222
796746
205786
60784
119973
453758
425330
682175
902500
479310
98222
91386
645928
204521
144686
193965
688453
21563
442227
845656
510973
46248
884589
632021
436947
283625
902666
225597
290947
767344
487949
31158
130888
896443
120920
664001
741496
752924
774077
518743
603234
578607
931850
646655
615822
658907
846611
455733
494250
982271
113234
295247
599148
836466
970939
261154
5869
849822
462872
383567
248436
578945
543669
415485
426679
467196
25338
118761
321717
125208
418315
460001
946597
48094
10406
855639
140757
855165
514673
995622
66000
468645
254045
331293
84374
304883
533244
898950
731745
421450
393809
294569
229781
889891
146442
398220
463926
845543
278121
124441
657309
810036
593332
309303
454566
235940
455801
876204
548656
408930
264680
361453
866105
167319
291259
719124
590913
110913
6078
382010
408998
798483
962017
173536
855970
635787
132177
748860
931781
801779
991100
654712
443772
221945
603123
539290
641387
842979
420143
743771
917372
275401
199710
817374
369313
839427
423405
732349
840643
738943
93496
326976
588400
151225
213064
1000000
817679
418415
637070
653108
788191
279261
628215
855933
171535
304758
546348
911329
132652
991744
683002
294082
857375
994249
763459
75036
718726
702359
975259
230326
440032
89442
921413
991113
732257
869918
949208
640725
11148
527042
410416
254252
472378
669100
316013
196351
15274
596173
459576
236072
539772
331517
868385
577090
60988
877592
590360
549234
133738
299198
957727
641563
926377
316898
898868
385133
594819
194735
281694
10865
955469
192390
378625
714159
836156
441611
196622
575053
56606
674076
708174
267463
146763
878658
259187
712366
987353
889028
415488
992031
91669
529655
714396
998187
97048
984631
627765
845203
619999
557822
139825
291917
480684
250047
293521
349611
678373
486488
231877
152531
463464
410959
955142
475683
877400
902978
478514
194494
239619
956337
490229
710934
769093
649974
880835
388191
140682
209894
719288
867891
146716
135454
27
19851
477130
104557
842368
110656
641895
100282
52663
740604
820181
426008
745894
552615
607920
275531
365990
874010
110455
689253
16359
367041
303884
230812
615824
860691
34225
450914
169694
874483
647862
898582
944706
226329
753749
284760
915663
437530
821142
597493
707032
491636
293970
181755
356832
333298
460640
156551
866044
370315
339240
5011
447898
701349
38170
732740
689779
5090
517117
64774
276833
545930
103502
377044
125225
992494
282042
486492
445678
66165
308834
807689
328804
477457
226521
314996
817085
680889
875554
932552
592835
956412
74850
988380
640314
40832
858512
513967
581000
277530
640804
600185
770
190543
730270
927552
230116
653406
819847
659441
175534
41042
845393
195122
342036
515092
60871
967268
354457
69012
270752
840493
245268
675912
990641
68437
420630
816589
405114
262232
401382
85442
621147
420821
447733
914846
999547
961528
879810
1
301439
29911
520312
816747
60832
372917
761689
969386
677085
837670
802276
880940
243959
0
