408
221
183
129
312
182
160
175
484
157
270
286
196
327
366
345
223
448
100
113
234
143
194
103
84
246
395
446
119
127
290
228
213
154
293
250
435
256
116
311
148
121
315
181
139
375
220
314
204
221
316
141
358
471
320
316
276
196
142
149
148
337
212
115
148
242
200
162
241
162
262
201
113
66
115
300
307
187
282
160
383
372
286
328
405
195
220
304
217
217
274
372
318
268
187
296
215
299
215
235
69
282
240
209
14
349
144
401
192
154
95
434
146
264
292
316
261
136
301
325
292
318
44
104
202
368
385
1
236
306
274
222
301
250
68
269
282
423
349
103
122
291
300
153
267
334
130
200
321
271
117
142
221
282
212
239
160
233
132
79
400
185
171
104
291
218
300
159
193
276
269
219
389
382
122
102
234
211
325
139
390
108
166
93
371
167
52
240
349
481
238
71
161
187
132
188
291
333
359
316
207
355
284
206
191
89
474
197
220
243
311
211
228
122
96
373
274
96
239
183
331
407
213
181
373
294
201
97
387
285
11
137
71
230
272
321
465
165
196
160
295
120
135
146
122
274
216
142
216
217
256
395
399
309
165
426
190
376
295
382
429
235
116
168
264
323
308
192
216
346
91
221
122
93
132
411
205
194
260
419
46
486
358
378
260
301
246
219
243
303
402
181
138
224
226
207
262
203
329
364
318
316
211
161
266
330
213
127
343
400
314
158
277
209
179
242
328
274
404
239
210
69
148
234
312
296
258
277
95
330
198
249
281
304
264
167
367
333
195
169
305
143
321
198
249
275
182
221
130
310
362
408
218
309
301
177
181
235
374
123
405
394
178
158
231
314
265
176
461
319
150
362
46
206
183
177
70
212
182
296
323
228
112
259
220
198
149
251
188
278
112
229
196
137
355
284
229
235
142
204
199
457
199
226
221
94
191
260
223
597
195
257
208
74
101
241
219
385
259
422
178
229
299
394
287
73
252
238
87
274
167
278
372
283
151
89
90
153
230
318
349
88
379
366
170
464
242
128
252
116
152
154
177
361
320
74
114
364
373
270
209
136
294
342
362
215
429
240
157
272
315
74
376
349
171
279
337
435
189
40
240
412
275
287
68
227
214
219
28
147
172
272
304
285
156
226
116
227
409
119
179
230
226
501
253
465
402
193
238
207
325
396
271
272
41
20
225
176
144
294
246
298
256
245
325
259
239
284
233
205
154
134
288
93
220
431
193
296
194
382
429
418
322
273
277
140
46
242
458
288
168
203
457
189
377
130
272
162
65
299
216
327
229
274
184
214
53
195
280
315
281
169
403
187
149
282
241
387
306
68
246
299
105
340
263
247
100
231
131
70
245
151
219
92
281
190
255
151
276
361
314
250
367
47
376
343
234
353
200
36
137
186
180
251
333
279
305
143
217
66
255
211
165
175
453
165
171
266
193
392
200
235
251
170
45
229
281
376
140
187
100
207
169
346
92
313
150
270
159
414
257
237
299
257
261
354
256
447
414
208
392
370
205
282
540
430
170
237
291
314
87
176
347
475
398
194
184
228
177
267
169
258
199
210
221
129
90
294
279
215
394
266
142
328
172
189
136
328
376
238
234
251
345
263
311
197
258
190
257
156
224
240
184
243
174
160
272
128
180
220
204
241
175
296
198
168
195
221
159
113
437
247
96
269
433
161
294
240
362
211
379
229
95
83
242
347
111
178
252
337
118
319
214
245
62
220
190
231
251
208
194
147
208
468
93
201
237
142
143
226
297
141
197
287
331
75
228
253
192
336
239
207
279
214
422
404
233
304
352
202
396
260
272
265
268
96
297
112
126
246
223
150
150
53
311
282
400
148
16
144
347
295
230
378
296
356
253
263
129
219
154
275
61
301
194
176
211
333
164
146
115
244
196
373
313
154
261
369
172
223
298
308
296
215
134
104
222
183
314
114
283
189
132
162
451
158
209
132
119
190
291
228
417
270
204
133
248
126
354
271
143
7
393
294
299
132
363
328
342
209
226
257
416
209
240
145
154
267
190
101
191
412
312
134
311
430
141
198
314
267
87
269
322
213
63
152
329
331
485
135
255
224
347
206
338
382
292
178
266
339
35
239
362
400
94
180
369
292
187
148
62
455
302
299
126
344
125
135
212
142
88
369
226
220
70
182
101
116
210
160
270
311
119
322
179
297
206
319
91
130
82
221
169
162
100
169
108
157
288
270
141
178
208
407
265
418
47
226
161
354
120
260
331
229
238
284
172
168
160
68
160
328
230
121
221
343
303
244
266
233
