139
174
212
123
162
228
193
416
368
202
216
206
290
94
215
110
105
127
428
191
157
214
199
243
263
296
166
171
316
179
197
375
170
371
245
125
140
101
156
283
203
446
335
374
287
169
328
499
295
281
298
206
223
125
267
251
121
225
158
205
106
190
362
269
292
96
170
200
197
169
233
176
144
159
273
242
129
203
311
327
147
229
303
292
126
385
90
101
226
217
156
244
133
304
92
239
351
190
453
108
205
45
411
321
88
126
305
193
155
223
288
395
310
386
393
178
160
196
192
122
205
41
120
149
132
335
99
276
202
390
273
306
468
191
269
351
207
305
412
321
250
419
98
258
209
168
260
126
187
242
70
282
312
361
78
113
98
271
75
216
223
374
110
248
250
241
167
226
218
128
98
334
205
205
23
139
274
282
189
272
105
322
362
104
90
388
219
78
202
304
91
237
347
273
359
296
283
386
316
157
279
212
95
225
361
332
382
282
393
251
139
312
148
187
410
247
230
225
157
389
336
226
293
206
133
246
194
194
268
154
239
205
233
126
289
472
349
133
164
256
164
201
199
197
256
173
93
192
218
181
300
248
205
309
82
233
339
170
361
276
169
238
260
144
145
280
172
427
125
268
204
332
398
135
403
191
170
135
276
287
334
192
379
277
379
430
186
158
280
179
283
306
211
156
355
224
131
315
238
309
318
79
360
314
82
279
119
217
265
390
455
92
190
67
182
365
320
424
234
163
286
277
394
267
325
177
250
262
264
218
175
267
384
221
7
227
229
204
128
223
486
349
242
277
220
214
99
205
512
272
155
344
153
382
215
85
223
208
483
39
231
215
143
438
104
356
249
123
200
213
118
390
248
350
220
256
233
406
274
142
298
205
212
354
221
264
136
92
210
234
56
200
515
26
109
281
176
136
282
195
275
218
348
190
207
295
301
48
372
288
292
241
263
344
162
85
163
245
110
167
241
365
186
241
253
204
273
270
295
70
234
345
326
242
171
120
184
266
197
208
245
349
320
471
227
365
253
259
114
371
251
174
297
303
110
222
466
455
54
161
246
200
254
182
342
158
223
172
285
328
276
194
135
175
271
268
338
209
286
317
350
427
125
344
318
294
292
22
175
264
117
202
250
72
258
338
147
129
347
273
326
266
173
120
336
131
123
233
183
386
197
65
215
539
167
294
373
180
287
124
172
495
252
162
295
313
240
404
288
201
374
208
285
231
137
210
109
218
177
239
424
210
439
86
106
219
313
245
465
388
204
290
413
127
125
377
155
119
399
258
390
366
354
300
302
340
291
169
342
353
343
354
116
47
284
172
328
86
98
117
338
224
141
304
280
120
66
256
155
224
255
263
101
135
386
457
102
507
395
291
299
470
255
211
292
341
138
178
247
128
183
326
452
291
181
312
261
338
383
142
111
371
261
168
299
140
161
208
276
139
238
25
402
254
287
270
269
309
235
187
234
108
105
213
76
283
221
247
142
74
343
69
495
203
300
148
199
155
201
218
155
162
268
183
286
173
167
209
281
186
238
306
291
139
199
427
222
112
235
342
260
329
292
266
240
150
191
269
129
169
298
303
97
54
278
188
427
331
220
358
285
255
490
299
489
308
340
180
153
201
274
161
279
231
341
240
139
234
228
271
195
123
247
253
331
160
180
440
145
262
100
305
383
170
368
283
145
369
321
245
156
226
283
52
374
136
172
95
485
277
120
274
383
229
214
140
142
281
321
155
374
282
199
60
356
154
236
406
382
167
107
68
247
150
222
222
215
365
274
148
290
296
318
146
212
377
191
229
182
422
185
219
269
162
57
333
282
193
349
264
161
162
157
132
408
214
271
201
426
273
176
383
228
238
369
83
405
204
597
268
389
363
337
259
216
253
197
204
63
239
201
497
242
187
167
202
259
242
153
380
248
258
238
163
237
255
202
361
402
299
249
70
152
366
309
154
202
3
63
206
79
322
56
225
130
155
352
395
176
412
139
294
101
318
464
193
213
57
241
198
232
144
219
83
242
182
433
336
370
190
289
113
300
225
230
316
181
172
392
220
183
330
166
152
245
208
265
294
43
256
505
104
170
205
38
227
112
203
290
206
208
65
538
172
246
298
135
234
233
92
227
279
126
353
421
332
470
105
312
102
358
184
80
176
155
302
198
278
255
20
151
170
456
226
360
331
155
284
132
383
62
256
202
109
414
185
60
266
301
196
466
419
187
228
335
402
80
228
62
301
339
277
200
277
332
478
1
93
61
202
273
146
315
199
404
309
208
424
404
143
