3840
1 5 16 8
1460
11 9 8 8
3310
20 17 14 14
4060
0 20 9 14
4670
6 5 2 10
3370
13 13 9 14
3290
19 8 9 10
3800
12 0 13 16
2170
17 14 16 18
4840
2 17 4 11
3480
4 16 8 7
3370
0 18 5 18
4150
10 15 11 16
1870
9 14 14 10
1840
20 6 19 5
1820
2 1 12 7
3670
8 8 14 6
240
5 5 20 2
2240
4 16 3 18
3180
19 15 5 5
3220
12 6 17 9
1300
1 15 20 17
3270
1 0 6 19
3170
5 12 19 8
4570
10 4 13 11
320
12 0 2 15
4950
6 15 18 20
2700
3 4 12 4
440
13 3 19 4
4440
17 7 9 11
1060
2 12 12 5
3390
11 18 13 11
2090
14 20 18 20
4210
6 20 6 19
2090
16 18 20 5
4880
6 7 5 10
2170
13 17 14 14
3840
11 4 18 7
2150
8 20 18 8
3540
11 6 0 11
3410
11 7 6 18
3360
3 9 7 18
4990
6 7 18 14
4270
12 9 18 16
1150
20 16 20 11
4290
11 9 11 13
4570
16 5 2 16
1450
19 16 3 18
4730
5 7 5 11
460
14 1 9 7
1680
8 11 17 0
3800
19 16 8 13
3480
4 16 8 7
3770
7 6 3 18
4940
5 5 4 14
4290
0 5 20 20
2750
14 1 12 19
4970
9 16 5 15
1800
9 0 19 18
760
2 8 10 8
1570
1 2 15 5
3270
17 5 1 15
1230
0 7 10 20
4870
6 17 0 9
820
20 3 0 20
4870
14 19 12 18
3250
12 8 11 8
2740
6 18 11 16
1000
9 2 2 2
4870
15 10 20 14
1660
7 18 0 18
1470
6 1 20 11
4110
2 10 17 14
390
6 11 12 16
630
3 11 0 5
4870
9 15 16 11
1030
3 13 1 13
3130
3 19 12 6
4000
2 19 7 13
2040
5 16 4 8
4540
11 10 10 20
4460
19 14 10 12
2870
3 13 8 15
3470
12 18 5 20
2290
13 19 7 14
4890
10 8 8 20
4470
19 19 6 12
800
18 0 12 5
2040
7 13 9 5
4720
20 16 11 15
4960
6 19 13 18
2480
10 20 4 2
4280
17 12 5 13
1260
3 9 4 4
3200
11 15 11 17
4340
4 12 7 16
3820
19 7 11 7
540
20 4 3 9
1300
0 14 13 12
2490
7 18 9 6
4170
10 5 12 9
3110
8 16 0 5
3400
7 9 5 10
3810
13 2 11 13
1610
6 12 6 7
4150
4 20 2 9
800
17 1 3 6
240
3 8 2 2
3810
1 18 6 18
2090
19 8 10 7
4340
0 16 3 12
2000
15 6 15 2
2280
0 8 2 14
2750
20 11 17 17
4720
11 3 14 19
2000
18 9 20 3
3230
10 8 7 13
1450
0 11 14 1
150
5 10 6 19
3270
2 7 7 19
2650
8 13 14 9
890
6 16 4 1
4550
11 4 0 19
660
14 12 10 15
4410
7 17 7 8
4460
10 12 2 10
2550
3 3 19 15
1920
9 2 17 15
2280
3 10 7 4
3470
10 9 8 14
3590
1 18 2 8
3540
14 4 19 15
2680
17 12 16 10
1430
20 1 3 19
4820
4 18 0 19
3300
17 19 17 6
1370
6 12 11 15
1190
15 12 13 19
4090
20 16 1 16
3580
17 15 5 8
530
13 18 14 2
2490
7 18 9 6
520
13 11 13 17
160
8 18 3 13
3240
9 13 9 8
3880
17 3 12 15
920
3 18 10 11
3950
1 4 3 13
4580
5 3 15 10
3730
0 10 11 18
2870
3 13 8 15
290
7 7 8 16
600
15 8 7 4
3840
9 0 15 18
3510
1 0 20 13
1830
3 10 12 14
3280
1 12 12 11
1730
5 1 4 17
4650
15 14 18 7
3370
14 7 15 3
1920
20 7 9 2
1400
18 8 19 1
1920
18 15 0 20
3890
6 17 12 4
4820
4 18 0 19
3740
10 1 1 11
3190
6 17 15 19
1300
0 14 13 12
4730
14 7 11 20
4940
18 1 16 17
1080
19 19 12 11
1720
10 20 20 12
1640
7 0 0 8
1600
17 8 12 8
2830
6 0 18 7
570
12 13 2 7
1620
0 12 14 4
200
2 20 9 1
4690
14 0 1 10
4090
11 10 1 13
2920
3 7 12 15
4520
11 12 9 19
520
7 19 14 0
1120
1 10 7 16
1940
2 9 0 19
2630
5 11 4 5
3260
12 20 18 14
2810
14 5 10 3
930
1 20 0 16
3140
0 3 20 2
4380
18 13 3 15
710
4 17 1 8
1020
2 4 17 6
3800
17 17 19 19
4910
6 16 10 7
2070
8 11 5 13
2810
14 5 10 3
4010
0 13 14 5
160
15 8 14 10
1260
3 9 4 4
3290
7 14 14 11
4020
3 1 16 19
3790
12 15 10 17
3250
18 11 11 19
210
11 3 12 6
2720
20 19 8 10
4050
8 18 15 12
3560
9 2 19 19
4930
7 20 11 16
4220
14 10 6 17
3950
18 11 5 6
740
5 5 9 18
3920
6 8 12 13
2780
3 17 12 15
3370
4 18 18 16
4410
13 14 16 11
3280
10 17 7 10
3320
4 16 15 13
3850
6 1 16 19
640
7 17 11 20
4000
20 9 0 15
3840
9 0 15 18
4380
16 3 14 17
700
1 14 0 19
3730
20 10 13 18
1900
6 9 16 8
4540
13 3 16 6
3840
11 4 18 7
1420
15 19 15 7
280
6 13 4 1
1990
6 4 14 14
4370
14 16 2 17
4060
14 2 10 9
1790
8 14 10 5
4000
4 5 6 11
3160
10 7 3 20
4630
16 20 11 11
4770
1 1 13 20
3050
12 8 14 10
2880
14 12 8 15
2000
18 9 20 3
3600
19 18 7 15
2500
14 20 3 6
3410
4 15 5 13
2730
10 19 7 16
3820
9 6 8 13
3350
12 16 1 11
2010
8 0 11 16
4850
9 5 9 20
3440
19 9 19 11
3830
5 11 13 6
2940
19 11 6 15
1460
13 17 0 12
2550
3 3 19 15
2290
13 19 7 14
270
4 14 17 17
1170
9 2 2 3
1690
18 9 19 5
4740
8 8 11 11
4790
5 14 6 14
4080
3 17 12 19
3880
17 20 17 3
2160
19 19 14 13
1080
4 6 19 2
1010
20 9 0 20
3480
20 19 19 11
3790
13 20 16 17
3050
9 0 14 8
1110
18 20 10 9
2040
5 16 4 8
3590
0 9 19 7
460
14 1 9 7
1850
10 14 9 5
4600
10 8 6 16
3320
13 17 9 18
3520
12 12 0 10
3470
10 9 8 14
3690
3 14 1 17
2860
10 18 10 2
4530
1 13 20 15
3150
13 18 14 9
4290
20 15 13 19
960
12 10 0 3
1300
13 14 16 5
4310
15 12 3 15
3640
8 20 15 8
3900
2 18 4 6
370
8 8 9 9
3800
7 4 15 7
2150
17 9 15 2
1230
11 17 6 14
1690
15 13 0 10
3110
18 0 14 16
1580
0 16 18 15
2550
18 16 15 10
1760
2 16 9 9
3610
8 6 20 6
2640
11 1 7 12
4880
20 2 10 13
3400
20 5 16 16
3020
14 10 8 10
1880
8 20 19 11
4490
12 3 20 9
2080
12 1 2 15
4390
3 19 6 8
1100
2 3 20 2
1110
2 8 0 5
260
10 12 11 12
4720
13 15 1 16
3830
5 11 13 6
1900
8 1 7 10
1190
8 20 3 12
550
0 2 14 14
4040
12 0 12 15
240
3 8 2 2
590
12 8 0 8
480
9 18 13 18
130
11 0 19 16
4750
20 16 13 8
3640
20 17 6 19
3660
4 13 6 5
1030
3 13 1 13
4460
12 17 15 5
3430
11 20 4 19
3430
14 20 13 17
1590
6 12 19 9
4140
10 15 20 14
4760
9 17 11 13
480
9 18 13 18
3570
11 17 14 8
4130
3 6 17 11
4720
14 17 19 11
4680
0 14 8 7
4680
4 11 13 13
890
4 3 18 6
2910
19 8 0 10
960
18 9 9 14
4310
15 12 3 15
40
13 17 6 8
3520
16 12 3 20
3270
9 6 19 16
720
2 20 11 6
4270
7 13 4 17
3490
13 18 0 5
2520
2 4 18 1
3790
4 8 16 10
4540
17 7 14 10
4110
2 10 17 14
400
11 8 20 3
3350
8 18 11 5
3400
18 0 14 20
3080
3 5 12 11
2520
2 15 11 5
3740
10 1 1 11
4860
18 5 0 20
2420
2 18 12 18
1500
14 3 13 13
4460
12 17 15 5
4820
0 13 17 9
3250
10 16 12 18
780
2 12 15 20
4050
1 6 20 11
3550
2 2 14 13
3350
1 9 15 14
2310
0 2 7 18
1690
8 2 4 17
1320
12 1 16 8
4400
18 20 11 9
1190
12 4 16 13
4190
1 8 16 11
1530
17 11 8 8
770
14 16 13 20
3760
3 2 13 19
1210
4 7 15 18
4380
19 12 9 12
3530
4 8 13 6
3430
2 6 4 16
2150
19 20 9 3
3870
3 18 13 12
4110
2 10 17 14
4590
10 13 12 8
3210
18 2 19 15
1400
10 13 0 5
4380
0 9 2 12
4380
6 11 8 14
3400
20 5 16 16
4600
7 8 20 12
3560
0 12 16 6
1870
9 14 14 10
2680
17 12 16 10
3010
7 6 14 15
4470
17 15 11 11
1200
7 17 10 3
2490
18 11 15 5
650
4 15 9 20
1920
10 2 4 17
4650
0 15 5 10
3440
9 6 7 7
1700
3 11 3 3
450
3 20 12 0
820
2 14 16 12
3220
9 11 19 4
960
18 9 9 14
2170
11 16 12 5
3930
17 19 5 10
2210
3 16 20 11
1020
1 11 0 20
2700
7 14 11 9
270
14 7 4 11
3910
1 20 20 14
1270
10 15 4 16
610
1 3 17 7
680
20 4 19 11
4690
11 10 5 13
630
10 19 5 17
1310
18 0 8 17
3670
17 19 11 19
3900
5 5 2 19
140
10 13 6 7
3150
17 8 7 10
1450
19 16 3 18
3950
9 0 11 7
4140
8 2 11 7
4260
4 16 7 17
3440
14 1 18 4
3480
15 17 20 15
4260
9 13 7 19
3990
20 18 10 7
3990
20 18 10 7
3890
2 1 4 14
810
10 1 4 15
4870
0 3 10 17
4350
16 20 0 11
4990
2 11 3 19
3540
6 18 4 14
2560
19 10 6 17
3500
9 11 17 10
2020
11 2 16 11
3130
11 7 16 8
2010
20 5 13 7
2370
5 3 3 12
4660
19 12 13 18
740
10 15 1 10
4140
10 15 20 14
1730
5 1 4 17
4990
18 7 10 19
4070
16 10 14 7
4340
4 12 7 16
4320
3 15 15 7
2570
13 13 15 18
1770
3 0 2 10
3460
8 10 4 8
2510
11 15 8 15
4950
6 13 1 10
1730
7 1 13 12
4070
17 2 20 13
4290
13 14 18 20
3910
0 16 6 19
2610
8 18 16 3
2490
5 20 8 14
3480
15 17 20 15
4770
7 12 2 10
2820
13 6 19 11
4110
5 3 15 16
2060
5 9 10 19
2060
5 9 10 19
4630
20 2 0 10
4500
8 12 6 15
3650
20 0 17 10
2610
14 9 5 11
4100
12 12 10 5
2040
5 16 4 8
3690
18 19 11 14
1200
0 1 17 13
1940
12 13 6 2
3920
19 2 16 17
1060
2 12 12 5
3490
0 2 19 13
3790
7 18 15 4
960
18 9 9 14
130
1 19 16 1
4540
11 10 10 20
150
14 2 12 1
4000
16 20 5 10
4890
13 3 19 15
3900
8 10 16 14
3190
15 13 6 18
3220
7 7 11 8
370
10 7 4 19
4280
11 8 7 11
1950
8 5 5 6
3590
19 0 9 16
2830
5 14 8 14
1700
14 19 18 13
2670
11 1 17 9
3030
19 7 6 4
770
13 1 20 10
240
11 3 6 2
4270
3 6 0 11
3950
19 0 1 19
1730
15 9 18 8
4770
19 5 3 11
1270
10 15 4 16
1080
4 6 19 2
3590
15 6 3 19
310
14 20 18 16
3050
9 0 14 8
3370
4 18 18 16
2980
13 14 18 2
3160
20 20 1 7
3130
15 6 6 16
1400
3 2 20 8
1020
1 11 0 20
1400
7 5 10 3
3950
16 13 20 6
2650
8 9 15 12
1020
1 11 0 20
3300
12 15 15 3
4580
12 4 10 9
2290
13 19 7 14
4510
18 20 1 7
4340
15 4 0 12
2650
8 13 14 9
4760
5 9 5 18
4030
17 9 6 12
4820
0 13 17 9
3640
8 12 6 20
3220
17 19 18 8
4630
9 2 13 8
4630
19 2 13 20
560
6 15 10 9
3820
20 19 10 19
3140
18 5 5 10
3700
11 3 9 8
3850
12 9 20 4
3220
11 8 16 7
1840
1 15 10 5
2820
4 14 18 15
2100
5 12 1 13
4350
17 0 13 7
4420
6 11 10 15
4520
11 12 9 19
220
10 9 17 17
2980
13 14 18 2
4560
20 4 11 10
3060
6 18 8 16
3210
7 5 3 20
3070
6 1 2 19
3520
2 9 2 8
550
0 2 14 14
560
6 15 10 9
3310
15 8 16 11
3060
6 18 8 16
2150
1 18 20 7
830
0 8 20 19
1630
2 19 11 13
1200
19 3 11 10
1900
8 10 20 14
3470
0 14 4 10
3560
17 10 14 11
320
1 3 18 14
160
10 17 16 7
5000
5 11 12 7
2140
3 16 19 11
3570
8 20 11 7
3260
1 10 4 6
310
16 17 20 18
4110
19 15 14 17
4540
2 13 13 20
870
19 19 2 9
3220
0 13 17 6
3380
15 9 3 16
1400
3 2 20 8
3250
11 12 12 19
4430
20 2 13 9
1890
18 11 12 10
1340
9 19 20 5
4540
17 3 10 13
810
10 1 4 15
1820
2 1 12 7
470
0 11 17 6
810
7 13 11 19
1420
11 14 13 5
1810
14 15 7 18
3080
2 16 18 11
530
1 18 1 1
1020
5 19 19 15
4810
11 16 4 7
290
7 7 8 16
3380
15 9 3 16
2730
10 19 7 16
1810
8 2 9 9
3900
19 2 20 14
1430
4 7 18 4
4570
1 10 12 6
920
10 15 10 6
3730
6 15 10 11
2040
5 16 4 8
1490
10 0 10 19
3660
17 20 5 12
680
20 4 19 11
3890
13 6 0 13
4000
10 13 20 9
130
13 11 9 6
2860
10 18 10 2
3790
13 13 0 11
2090
14 20 18 20
3720
1 17 18 15
2520
11 8 5 16
2600
8 17 20 18
3110
12 1 16 9
3710
14 9 9 12
990
4 0 3 17
1240
17 3 3 17
2240
4 16 3 18
3390
7 20 3 9
1430
20 1 3 19
2570
13 13 15 18
70
5 7 3 5
1080
16 3 18 7
4040
4 6 8 16
4810
16 17 15 16
1890
18 11 12 10
4210
15 17 17 20
1770
3 0 2 10
3590
6 12 2 18
630
13 4 8 1
4240
8 17 4 18
1920
10 2 4 17
4170
11 12 15 4
1100
2 3 20 2
4620
2 3 9 17
4760
6 9 9 11
740
10 15 1 10
3830
17 3 5 8
1970
12 11 15 5
2450
14 10 19 6
600
15 8 7 4
1860
6 6 8 11
1410
0 20 19 8
960
12 10 0 3
1430
20 1 3 19
100
5 18 4 16
4350
18 12 20 18
650
4 15 9 20
4920
15 9 13 7
1820
19 20 14 17
1450
6 0 1 9
1030
1 13 3 17
4080
3 17 12 19
3310
20 17 14 14
320
1 3 18 14
1920
4 8 19 0
4490
12 3 20 9
4190
5 12 2 13
4420
3 2 15 8
4220
13 17 14 11
4030
16 6 3 11
710
10 19 4 18
400
3 8 12 18
4210
5 17 8 11
490
17 4 9 15
4360
19 5 20 10
1590
3 3 12 2
4240
9 18 17 12
1400
3 2 20 8
4180
20 4 8 8
780
2 12 15 20
4750
19 17 0 10
4720
14 7 7 8
3450
4 1 18 20
3620
20 1 19 19
800
18 0 12 5
720
2 12 19 4
4350
18 12 20 18
3880
17 20 17 3
3720
4 15 1 9
1470
15 20 18 6
2010
8 0 11 16
2370
1 15 20 7
3830
0 15 2 15
4390
3 19 6 8
2120
10 2 14 17
2360
16 17 13 17
3030
11 12 14 7
2870
3 13 8 15
1610
6 12 6 7
2750
1 15 4 20
1020
5 19 19 15
540
1 13 7 16
4030
4 1 15 10
3470
14 10 4 6
3820
11 18 8 5
2930
3 12 19 12
800
17 1 3 6
1020
2 4 17 6
3200
14 7 18 4
480
8 2 3 8
1200
19 3 11 10
220
10 9 17 17
4890
19 18 4 9
180
15 4 16 6
1870
8 13 18 5
270
19 19 13 5
4980
4 6 13 16
480
8 2 3 8
1050
10 14 2 17
1060
2 12 12 5
2150
17 10 4 6
4950
13 13 18 6
4050
9 14 19 16
1440
19 15 0 10
2810
0 14 1 20
4970
5 12 1 16
2860
16 4 12 15
570
12 13 2 7
440
13 3 19 4
1580
16 15 6 19
3770
8 14 15 15
3980
0 18 8 13
440
5 8 16 14
1630
2 19 11 13
1990
9 20 12 1
830
0 8 20 19
4370
10 13 13 5
1030
1 13 3 17
4920
7 11 15 16
4450
12 14 0 20
4360
20 5 16 14
260
3 1 5 5
60
2 16 7 16
1490
16 9 11 10
1100
2 18 14 19
890
4 3 18 6
4580
20 10 8 18
3380
19 19 9 9
4460
20 13 8 15
3870
8 11 4 14
4030
4 1 15 10
4160
14 14 12 15
4450
1 19 2 19
3840
1 5 16 8
1390
20 3 13 2
3970
20 13 1 8
1990
6 4 14 14
930
19 18 1 8
3140
9 12 15 12
630
13 4 8 1
750
19 8 4 17
340
16 20 6 14
1000
13 0 17 2
4040
4 6 8 16
3460
9 18 14 18
3990
7 4 11 17
3090
1 16 6 10
1500
14 3 13 13
3200
3 18 10 18
2040
2 11 10 5
880
18 17 15 5
450
3 20 12 0
3550
9 9 10 14
4600
4 20 1 13
3220
17 19 18 8
2100
18 12 15 14
2930
3 12 19 12
4560
19 2 14 15
3610
5 2 17 12
3110
18 0 14 16
2950
18 4 9 7
160
10 17 16 7
4870
5 11 16 8
3270
2 17 1 20
2210
13 3 11 4
4910
1 6 19 12
1120
4 12 19 13
380
0 6 3 13
2750
10 16 3 13
4680
6 7 12 20
3380
2 19 18 10
400
3 8 12 18
490
16 11 4 18
2380
1 8 20 9
1730
5 1 4 17
2960
3 13 1 8
4580
12 4 10 9
4150
5 10 14 11
2700
18 10 8 11
240
3 8 2 2
2740
6 18 11 16
1200
7 17 10 3
2080
2 2 11 14
3370
15 18 14 18
4070
16 5 19 17
3590
0 9 19 7
3670
3 20 10 11
3890
19 6 13 11
740
14 14 5 10
1100
6 0 16 15
1150
20 16 20 11
3870
15 8 17 12
3150
5 6 11 7
320
12 0 2 15
4650
16 12 7 12
2020
6 20 2 12
1120
8 10 8 9
2930
13 9 2 6
4350
16 20 0 11
3390
11 18 13 11
1230
0 4 12 17
3440
9 6 7 7
740
5 4 14 19
4670
16 16 3 7
3400
4 3 16 14
1160
7 20 19 6
530
13 18 14 2
3780
4 4 0 18
2590
6 0 19 7
4180
0 16 11 9
3700
19 11 19 19
130
13 11 9 6
3840
11 4 18 7
4200
4 8 1 19
2600
16 19 11 11
2300
17 18 3 20
4360
14 16 11 7
4350
13 12 6 7
2640
11 1 7 12
1230
11 17 6 14
3050
9 0 14 8
3510
18 8 15 17
3650
1 7 0 10
1480
6 1 20 7
3070
8 20 14 16
4560
14 18 16 12
1200
7 17 10 3
3490
17 19 10 10
2910
16 1 18 18
770
13 1 20 10
2370
1 15 20 7
1030
12 9 0 11
5000
5 11 12 7
850
6 14 14 17
3380
19 19 9 9
1680
8 11 17 0
20
3 6 9 10
4760
6 9 9 11
3620
20 9 14 8
2930
13 9 2 6
140
10 13 6 7
540
15 14 7 15
3150
1 19 3 4
2680
17 12 16 10
3470
10 9 8 14
2560
2 0 10 10
3130
17 2 3 13
4890
2 10 20 19
3580
20 1 2 14
2910
19 8 0 10
960
0 19 0 1
3200
12 11 3 13
3650
17 1 9 20
4380
16 3 14 17
3690
3 1 19 5
630
10 19 5 17
4310
15 12 3 15
2750
1 15 4 20
160
8 18 3 13
650
10 19 10 18
4120
1 4 4 15
2260
5 1 18 16
2820
13 6 19 11
1690
18 9 19 5
4210
5 17 8 11
2720
15 13 8 10
2310
3 15 8 11
1340
19 12 7 20
500
14 4 5 8
4260
9 13 7 19
2690
0 1 9 6
4640
16 20 20 12
4820
4 18 0 19
480
9 18 13 18
4660
7 13 15 10
490
17 4 9 15
4510
3 19 10 18
3110
10 0 16 8
2590
6 0 19 7
2300
17 18 3 20
4360
9 6 19 13
2080
2 2 11 14
2600
11 0 13 14
2380
14 1 6 20
1230
15 4 5 2
920
10 15 10 6
2750
1 15 4 20
3820
20 19 8 14
1680
8 11 17 0
920
17 4 15 7
940
20 0 8 3
2240
5 19 10 8
4290
20 15 13 19
1640
17 2 16 19
4360
14 13 2 11
3070
0 5 20 19
4170
11 12 15 4
1860
7 1 20 5
4650
4 10 15 19
4650
13 4 9 16
1660
2 17 13 6
1610
0 8 15 19
4110
1 12 19 5
1660
17 13 7 11
820
13 8 13 6
3420
2 1 16 14
2880
17 9 6 9
4130
19 19 17 13
800
18 0 12 5
3820
0 8 7 18
2960
3 13 1 8
4470
13 16 16 9
4950
1 5 9 10
3140
0 3 20 2
1900
8 10 20 14
2610
14 9 5 11
680
20 4 19 11
920
17 4 15 7
2010
8 0 11 16
320
5 6 7 11
3820
20 19 10 19
3190
3 13 7 18
2920
3 7 12 15
4270
16 8 9 6
3490
9 11 17 13
4200
5 20 3 12
1240
17 3 3 17
4590
17 10 16 14
2360
16 17 2 12
1570
6 10 15 13
4930
8 19 5 20
3010
20 16 0 20
5000
0 2 20 15
3870
14 12 3 10
1950
8 5 5 6
3650
1 7 0 10
3370
15 2 1 16
3630
5 18 2 12
3850
6 1 16 19
1020
2 4 17 6
3880
4 6 20 7
4980
4 6 13 16
4650
1 3 18 14
4380
0 9 2 12
4730
5 7 5 11
3380
15 9 3 16
4760
9 17 11 13
2450
14 10 19 6
3140
18 5 5 10
3540
6 18 4 14
1860
6 6 8 11
3700
19 11 19 19
3140
0 6 19 5
3410
4 15 5 13
4350
7 9 5 7
3640
5 7 5 12
1920
18 15 0 20
2980
8 0 10 7
4330
4 1 15 18
1440
19 15 0 10
2750
20 11 17 17
470
7 9 14 12
2360
16 0 4 7
3940
10 20 9 13
600
7 14 13 3
3590
15 6 3 19
3220
17 19 18 8
3300
17 7 19 13
3310
2 16 10 10
3790
15 20 17 8
2560
19 10 6 17
320
5 6 7 11
2080
2 2 11 14
1140
20 14 15 19
4580
0 8 18 13
3560
0 12 16 6
4830
7 12 5 9
930
1 20 0 16
4690
11 10 5 13
60
2 16 7 16
3040
6 1 1 12
4490
11 13 1 14
4390
10 17 1 7
2230
10 5 8 5
4490
13 3 10 10
2090
17 2 4 19
4660
16 16 4 7
3560
17 10 14 11
3910
1 20 20 14
4870
0 3 10 17
1440
6 20 15 19
3560
0 12 16 6
4720
13 15 1 16
4810
7 15 17 13
4930
14 13 17 7
3540
13 13 0 11
3390
7 20 3 9
4380
6 11 8 14
4630
6 4 0 15
4260
9 8 16 13
4750
7 17 8 15
3830
10 15 6 10
4420
13 11 3 9
4500
0 3 14 6
4700
18 4 8 12
4140
8 2 11 7
4400
3 14 4 18
1080
4 6 19 2
490
17 4 9 15
4150
3 15 8 8
4550
3 16 10 12
3280
6 18 8 16
3620
20 1 19 19
3920
20 19 4 8
1240
17 3 3 17
3140
9 12 15 12
3300
6 2 15 11
4650
0 15 5 10
3520
2 9 2 8
3790
1 16 0 20
4570
6 7 12 6
3590
8 1 10 13
4060
10 19 3 15
3370
11 8 2 10
3370
11 8 2 10
4110
13 8 16 5
4260
8 18 18 13
4240
17 7 18 13
2020
3 16 11 14
4200
2 15 6 12
4150
1 8 18 10
2020
3 16 11 14
4420
9 1 12 15
4660
1 0 11 17
2300
15 1 16 3
3480
20 19 19 11
2610
8 18 16 3
4870
3 19 11 8
4640
12 9 14 20
3080
16 12 12 14
3180
0 11 15 17
2490
7 18 9 6
3160
2 9 5 8
1680
8 11 17 0
20
3 6 9 10
4890
2 10 20 19
1170
9 2 2 3
2490
5 20 8 14
3310
2 16 10 10
3020
14 10 8 10
4580
20 10 8 18
4580
5 3 15 10
1190
8 20 3 12
3800
19 1 4 19
4110
5 16 3 9
2590
6 0 19 7
4540
13 3 16 6
4920
3 19 15 17
3890
1 14 19 17
4150
5 10 14 11
4360
14 8 12 18
4580
20 10 8 18
1940
2 9 0 19
1200
0 1 17 13
3550
14 11 18 17
4150
10 15 11 16
1730
15 9 18 8
3370
14 7 15 3
660
4 6 16 7
520
7 19 14 0
1480
6 12 15 12
3610
8 6 20 6
2420
5 6 18 13
4340
1 9 10 15
4140
17 0 14 14
3350
16 17 18 6
4220
13 17 14 11
3360
15 1 14 6
3360
9 14 0 9
4680
4 11 13 13
3820
9 6 8 13
4060
0 20 9 14
4950
13 13 18 6
4790
14 3 10 13
130
13 11 9 6
3590
10 0 11 12
40
13 17 6 8
4260
8 18 18 13
4720
7 17 20 11
1590
3 3 12 2
3430
2 6 4 16
3790
13 20 16 17
4230
4 14 16 10
4920
3 19 15 17
2920
3 7 12 15
4060
13 14 10 5
4150
4 20 2 9
3820
0 20 14 16
1810
13 15 8 5
3280
12 9 19 14
4190
18 0 5 10
2250
8 20 13 19
820
2 14 16 12
3870
3 18 13 12
4150
10 15 11 16
4010
18 1 16 18
3110
20 2 15 13
3600
6 20 9 19
3550
19 7 13 18
4590
17 10 16 14
1110
18 20 10 9
3730
17 7 20 12
4020
7 3 6 12
2870
3 13 8 15
160
8 18 3 13
4720
14 17 19 11
3790
3 7 14 7
4270
3 6 0 11
4740
18 17 5 10
3920
17 14 4 6
3410
1 15 6 18
3370
4 18 18 16
4490
11 13 1 14
1630
2 19 11 13
2460
13 9 9 16
3490
7 12 10 5
4660
19 7 17 15
3470
14 10 4 6
4170
3 6 2 10
2420
5 6 18 13
3740
16 18 16 8
3250
12 8 11 8
4750
16 9 9 11
2020
3 16 11 14
4000
1 14 1 19
2100
18 12 15 14
3320
13 17 9 18
3280
1 12 12 11
2230
10 5 8 5
2450
14 10 19 6
3310
15 8 16 11
3120
9 12 13 7
3180
19 15 5 5
3990
7 4 11 14
3210
14 8 20 2
3380
15 7 11 4
4540
8 19 18 4
4190
5 12 2 13
3740
9 16 15 6
3120
9 12 13 7
3570
20 5 18 6
4270
12 9 18 16
3810
13 13 7 17
1400
10 13 0 5
3740
3 20 0 11
490
8 11 0 8
3260
2 16 6 5
3690
3 14 1 17
3650
1 7 0 10
3970
8 1 8 17
3880
17 3 12 15
1340
19 12 7 20
3640
15 2 7 18
630
3 11 0 5
3610
9 7 20 4
1430
20 1 3 19
4870
6 17 0 9
3210
14 8 20 2
3840
1 5 16 8
3960
9 1 4 10
4930
14 8 18 8
3130
19 18 18 6
20
3 6 9 10
4520
16 19 20 3
1170
9 2 2 3
4740
18 17 5 10
4020
7 3 6 12
4000
1 14 1 19
3650
17 1 9 20
4870
15 10 20 14
3520
12 12 0 10
3200
11 15 11 17
1490
16 9 11 10
3600
9 20 8 17
540
1 13 7 16
3920
6 8 12 13
3590
6 12 2 18
3040
11 7 12 9
3030
11 12 14 7
240
5 5 20 2
4450
9 20 12 9
3410
1 15 6 18
4870
14 19 12 18
4890
13 3 19 15
190
3 11 7 0
3110
12 14 3 6
2100
18 12 15 14
4670
7 13 11 14
4440
17 7 9 11
1530
17 11 8 8
2910
16 1 18 18
3130
19 17 19 2
3800
19 16 8 13
1120
4 12 19 13
3950
9 0 11 7
3890
6 17 12 4
3400
17 19 2 9
1110
18 20 10 9
1010
18 5 13 14
4970
9 16 5 15
3190
9 20 9 4
1400
7 5 10 3
2920
3 7 12 15
4610
3 10 13 7
4250
6 20 6 7
3870
3 3 7 14
2510
11 15 8 15
1410
3 18 8 20
5000
0 2 20 15
4470
2 8 4 10
3050
5 19 14 12
3380
15 9 3 16
680
4 11 14 7
3890
9 9 15 4
3790
12 15 10 17
3640
20 17 6 19
3540
14 4 19 15
4050
10 1 18 12
4790
5 14 6 14
2690
0 1 9 6
4790
14 5 20 13
3890
19 6 13 11
3130
9 10 19 15
4410
3 5 16 6
1480
6 12 15 12
210
20 8 11 13
3750
12 20 15 9
130
15 17 8 20
400
2 0 6 8
4550
1 6 13 8
4870
3 19 11 8
160
15 8 14 10
4260
9 8 16 13
4590
20 12 18 8
1410
3 18 8 20
770
11 12 13 2
3480
0 0 8 15
3140
7 3 8 14
3870
3 3 7 14
500
14 4 5 8
4450
6 14 7 18
3470
12 18 5 20
3030
4 0 0 9
4270
3 6 0 11
3740
16 18 16 8
680
20 4 19 11
4140
8 2 11 7
3360
3 17 16 8
3820
14 1 2 12
4070
16 5 19 17
4550
1 6 13 8
3450
13 18 10 7
340
16 20 6 14
4230
4 14 16 10
4530
1 13 20 15
4200
4 8 1 19
3710
14 9 9 12
3730
6 15 10 11
1530
17 11 8 8
3870
8 11 4 14
3970
15 18 8 7
3130
13 15 2 17
3630
5 18 2 12
5000
11 6 7 9
3440
19 9 19 11
3350
16 17 18 6
4820
0 13 17 9
5000
5 11 12 7
3510
14 9 12 5
1720
10 20 20 12
3080
2 16 18 11
4450
6 14 7 18
4090
20 16 11 14
3780
4 4 0 18
4650
13 4 9 16
3430
12 6 19 14
3990
17 17 9 9
3550
2 2 14 13
4610
3 10 13 7
4330
9 14 11 6
4210
6 20 6 19
3040
9 12 18 6
4050
1 6 20 11
4000
20 9 0 15
160
8 18 3 13
400
20 20 5 2
4490
9 11 16 14
4210
5 17 8 11
3260
1 10 4 6
3390
8 11 8 13
3660
4 13 6 5
850
6 14 14 17
3370
11 17 9 20
4950
10 18 17 14
1050
10 14 2 17
3050
11 16 3 12
4210
0 18 3 20
2170
11 16 12 5
2820
2 4 9 12
3640
2 4 1 12
3300
6 2 15 11
4320
6 10 12 20
3470
0 14 4 10
4410
3 5 16 6
3730
20 10 13 18
4840
10 7 11 16
2880
14 12 8 15
1690
18 9 19 5
1060
2 12 12 5
4570
10 4 13 11
4000
10 13 20 9
1610
6 12 6 7
3690
12 12 2 7
3520
5 3 19 8
3810
13 13 7 17
2370
1 15 20 7
4550
1 18 9 6
2550
3 3 19 15
4380
16 18 13 9
470
7 9 14 12
4900
17 1 9 8
3670
8 8 14 6
630
3 11 0 5
3610
5 2 17 12
2930
3 12 19 12
4850
3 4 2 15
70
0 19 2 4
1530
17 11 8 8
3690
18 19 11 14
4680
0 14 8 7
3430
14 20 13 17
4540
2 13 13 20
3130
8 7 7 12
4340
0 2 14 17
900
13 12 5 6
4370
18 10 14 8
3430
12 1 17 4
4330
9 14 11 6
3870
17 9 6 20
1110
2 8 0 5
3970
8 1 8 17
3890
1 14 19 17
3690
12 12 2 7
3870
17 9 6 20
740
5 5 9 18
2480
13 16 19 8
3060
15 17 4 7
3510
18 8 15 17
520
7 19 14 0
1230
15 4 5 2
4800
5 14 6 9
640
13 14 17 9
4930
8 19 5 20
3410
9 4 13 6
3360
14 9 16 18
3110
14 18 6 19
1810
13 15 8 5
3010
8 14 19 20
4750
18 14 7 12
4300
9 6 10 17
4500
13 4 15 17
4650
1 3 18 14
3360
15 1 14 6
4270
3 6 0 11
760
2 8 10 8
2040
2 11 10 5
2640
11 1 7 12
1570
6 10 15 13
3220
8 10 0 10
3340
16 6 16 9
4100
11 20 18 15
2210
3 16 20 11
3900
8 10 16 14
3890
9 9 15 4
4630
3 11 10 12
1590
3 3 12 2
4720
7 17 20 11
3250
3 12 7 14
2860
16 4 12 15
240
11 3 6 2
4510
18 20 1 7
3320
15 14 12 20
1100
2 18 14 19
3520
1 15 8 4
1110
2 8 0 5
4290
13 14 18 20
4790
14 3 10 13
4650
8 15 7 9
3890
2 1 4 14
3760
3 2 13 19
2310
3 15 8 11
3290
19 8 9 10
4300
9 6 10 17
930
1 20 0 16
3260
1 10 4 6
1250
17 5 13 16
1120
1 10 7 16
3560
9 2 19 19
4290
20 15 13 19
3180
9 5 7 11
3590
1 18 2 8
5000
5 0 0 10
3150
17 8 7 10
1010
18 5 13 14
3740
16 18 16 8
4180
20 4 8 8
3130
11 7 16 8
2330
15 2 4 19
4000
4 5 6 11
3200
13 13 17 10
4520
8 14 1 9
660
14 12 10 15
4690
7 6 16 6
3300
18 15 19 16
4110
1 12 19 5
4660
19 7 17 15
4340
1 9 10 15
3070
6 1 2 19
2190
16 16 0 8
1950
8 5 5 6
3620
5 14 2 17
3130
13 15 2 17
740
10 15 1 10
4810
16 17 15 16
4210
0 18 3 20
3540
13 13 0 11
3290
12 1 14 6
3850
6 1 16 19
4040
2 5 3 8
3080
20 19 12 10
1730
15 9 18 8
3050
5 19 14 12
3270
2 7 7 19
3360
14 9 16 18
1080
16 3 18 7
4930
8 19 5 20
2480
13 16 19 8
4890
2 10 20 19
3830
17 3 5 8
1230
11 17 6 14
3340
16 6 16 9
960
0 19 0 1
3110
10 0 16 8
2000
15 6 15 2
440
5 8 16 14
4230
4 14 16 10
3680
17 1 8 16
4500
0 3 14 6
2230
10 5 8 5
2830
5 14 8 14
5000
3 8 6 15
3390
8 11 8 13
3050
11 16 3 12
3240
9 13 9 8
4520
0 12 19 12
4750
19 17 0 10
600
15 8 7 4
3830
5 11 13 6
4490
12 3 20 9
3430
12 1 17 4
1720
10 20 20 12
4240
17 7 18 13
3920
16 10 2 14
4630
20 2 0 10
3110
8 16 0 5
3740
3 20 0 11
260
9 0 7 11
1810
13 15 8 5
820
13 8 13 6
1020
5 19 19 15
3480
4 16 8 7
3940
10 20 9 13
4570
1 10 12 6
4870
3 19 11 8
3040
14 17 7 9
4210
14 4 6 15
820
13 8 13 6
4170
15 11 4 19
3100
15 19 19 14
4270
16 8 9 6
3430
12 1 17 4
2480
10 20 4 2
1810
7 1 11 13
4910
1 6 19 12
4610
3 10 13 7
3110
12 1 16 9
3270
2 17 1 20
4490
13 3 10 10
440
5 8 16 14
3450
13 18 10 7
3770
7 6 3 18
3380
15 7 11 4
3770
7 6 3 18
3380
15 9 3 16
320
12 0 2 15
2730
18 10 3 10
3990
7 4 11 14
4090
6 14 6 6
3700
19 11 19 19
3050
1 3 1 20
3250
10 16 12 18
3950
19 0 1 19
1210
4 7 15 18
3350
12 16 1 11
4140
17 0 14 14
240
11 3 6 2
1820
19 20 14 17
4420
9 1 12 15
3110
20 2 15 13
4540
11 10 10 20
4360
9 6 19 13
4650
8 15 7 9
1620
0 12 14 4
4450
1 19 2 19
4870
0 3 10 17
2190
16 16 0 8
4390
10 17 1 7
4800
5 14 6 9
3850
3 18 9 7
4060
10 19 3 15
450
3 20 12 0
4340
20 16 20 20
4500
0 3 14 6
4330
4 1 15 18
3380
1 5 17 8
660
14 12 10 15
1190
12 4 16 13
2310
0 2 7 18
1400
7 5 10 3
3590
1 18 2 8
4960
6 19 13 18
4360
20 5 16 14
1260
3 9 4 4
4360
14 8 12 18
3770
6 11 14 11
1610
0 8 15 19
3920
15 2 13 9
3430
10 10 8 16
3810
7 6 15 11
4460
10 12 2 10
3150
13 18 14 9
3540
13 13 0 11
4180
0 16 11 9
3580
2 1 18 20
3790
1 16 0 20
3790
7 18 15 4
4860
8 10 13 10
4030
16 6 3 11
1760
2 16 9 9
5000
0 0 1 10
3400
18 0 14 20
4410
13 16 18 9
3500
9 11 17 10
1080
16 3 18 7
490
8 11 0 8
130
11 0 19 16
4380
19 12 9 12
4120
10 10 5 8
3300
12 15 15 3
2070
8 11 5 13
3490
18 18 0 15
4600
7 8 20 12
4930
14 8 18 8
4170
11 12 15 4
3460
9 18 14 18
3480
0 0 8 15
3120
9 12 13 7
3740
10 1 1 11
3620
20 9 14 8
4870
5 11 16 8
3820
20 19 10 19
3570
11 17 14 8
3550
14 11 18 17
1400
17 18 0 7
3110
18 0 14 16
3680
17 1 8 16
100
5 18 4 16
2480
10 20 4 2
4690
16 5 0 12
4660
16 16 4 7
1550
13 12 11 2
4410
10 11 7 7
3350
1 9 15 14
2020
3 16 11 14
2910
16 1 18 18
4220
14 10 6 17
4420
9 1 12 15
4230
4 14 16 10
4870
3 19 11 8
2070
8 11 5 13
2040
5 16 4 8
2860
16 4 12 15
2680
20 2 18 14
3130
19 17 19 2
4940
10 17 13 7
3110
8 7 3 19
1630
2 19 11 13
2700
18 10 8 11
2210
13 3 11 4
4000
2 19 7 13
4050
8 18 15 12
1420
20 14 7 19
320
5 6 7 11
160
15 8 14 10
4280
12 20 10 15
3200
3 18 10 18
3220
7 7 11 8
4580
0 8 18 13
3790
13 13 0 11
3190
3 13 7 18
3500
8 10 19 13
4410
13 16 18 9
3470
14 10 4 6
4260
9 13 7 19
3930
17 19 5 10
4880
10 18 13 14
3960
9 1 4 10
4110
19 15 14 17
4130
3 6 17 11
3110
14 18 6 19
1400
10 13 0 5
780
2 12 15 20
3080
2 16 18 11
4950
6 15 18 20
3250
0 16 1 18
4540
17 7 14 10
3090
1 16 6 10
1550
13 12 11 2
3790
15 20 17 8
4570
16 5 2 16
4100
11 20 18 15
4540
17 3 10 13
3010
8 14 19 20
3550
14 11 18 17
3280
6 18 8 16
4090
20 16 11 14
3890
9 9 15 4
3860
1 19 8 15
670
7 18 7 3
3380
5 20 17 7
3250
3 12 7 14
3210
14 8 20 2
3650
3 2 16 15
4110
5 16 3 9
3710
1 19 8 19
4140
10 15 20 14
2040
2 11 10 5
630
13 4 8 1
4370
18 10 14 8
2150
19 20 9 3
2250
8 20 13 19
3510
18 8 15 17
4940
10 17 13 7
3830
0 15 2 15
3250
10 16 12 18
1490
16 9 11 10
4730
14 7 11 20
4870
12 9 5 13
2490
5 20 8 14
4660
19 10 17 18
4210
14 4 6 15
4720
20 16 11 15
3570
11 17 14 8
4280
12 20 10 15
4020
3 1 16 19
3060
17 1 7 19
4490
12 3 20 9
3220
12 6 17 9
4050
18 12 2 13
3490
19 3 14 7
4410
3 5 16 6
4760
11 4 17 6
3140
0 3 20 2
1480
6 1 20 7
3970
20 13 1 8
4340
15 4 0 12
2920
3 7 12 15
4420
19 17 6 10
3490
9 11 17 13
1040
15 3 17 15
130
11 0 19 16
3490
19 3 14 7
2780
3 17 12 15
4940
16 3 17 11
4370
11 17 19 10
4760
11 4 17 6
5000
0 2 20 15
3030
19 7 6 4
3370
6 5 18 17
4840
2 17 4 11
1320
14 19 16 3
3430
12 6 19 14
4050
18 12 2 13
2720
15 13 8 10
4250
6 20 6 7
4040
12 0 12 15
3210
7 9 12 5
3520
16 12 3 20
3970
15 18 8 7
3600
6 20 9 19
4000
20 9 0 15
3200
14 7 18 4
4830
7 12 5 9
270
17 20 18 15
3980
0 18 8 13
2730
18 10 3 10
310
14 20 18 16
3130
13 15 2 17
3110
20 2 15 13
4670
7 13 11 14
2950
18 13 7 16
1860
7 1 20 5
3490
13 18 0 5
3650
17 1 9 20
3690
12 12 2 7
1840
14 9 20 0
4550
3 16 10 12
3380
1 5 17 8
4640
16 20 20 12
1120
1 10 7 16
4060
13 14 10 5
1490
10 0 10 19
4680
6 7 12 20
3080
2 16 18 11
4260
9 8 16 13
3740
10 1 1 11
3430
14 20 13 17
2700
18 10 8 11
4910
1 6 19 12
2230
10 5 8 5
1420
20 14 7 19
3380
2 19 18 10
3360
14 9 16 18
4560
19 2 14 15
4050
10 19 15 13
4340
15 4 0 12
2240
5 19 10 8
3700
19 11 19 19
2170
11 16 12 5
4080
3 17 12 19
3110
10 0 16 8
3070
0 5 20 19
4870
0 3 10 17
4580
20 10 8 18
4760
5 9 5 18
4720
11 3 14 19
4800
14 5 6 9
1630
2 19 11 13
640
13 14 17 9
210
20 8 11 13
3860
1 19 8 15
4660
1 0 11 17
3160
10 7 3 20
4580
12 4 10 9
4950
19 20 0 14
3210
7 5 3 20
3800
19 16 8 13
490
17 4 9 15
4050
9 14 19 16
3380
5 20 17 7
3430
11 20 4 19
4430
20 2 13 9
3220
11 8 16 7
3510
18 8 15 17
3580
2 1 18 20
3870
3 3 7 14
4590
10 13 12 8
1200
7 18 3 1
3140
7 3 8 14
740
10 15 1 10
3950
1 4 3 13
3420
2 1 16 14
4050
9 14 19 16
3010
20 16 0 20
3150
1 19 3 4
4720
11 3 14 19
1030
2 0 0 4
3490
7 12 10 5
4100
12 12 10 5
4370
11 17 19 10
3730
6 15 10 11
3830
5 11 13 6
1920
18 15 0 20
3610
8 12 16 20
4890
19 18 4 9
3550
2 2 14 13
3410
11 7 6 18
3250
0 16 1 18
70
5 7 3 5
2840
11 9 0 19
2480
10 20 4 2
4520
16 19 20 3
3380
1 5 17 8
4630
16 20 11 11
1840
14 9 20 0
2750
14 1 12 19
4840
9 18 18 6
4380
16 18 13 9
4990
2 11 3 19
3250
11 12 12 19
4010
0 13 14 5
3490
9 11 17 13
3210
7 9 12 5
920
3 18 10 11
1020
5 19 19 15
4420
3 2 15 8
3640
15 2 7 18
2310
0 2 7 18
2600
11 0 13 14
3570
20 5 18 6
4920
3 19 15 17
4200
5 20 3 12
4680
6 7 12 20
2930
16 19 5 10
4860
18 5 0 20
4090
20 16 1 16
4590
10 13 12 8
3730
10 7 5 19
3320
15 14 12 20
4870
2 6 17 19
1660
17 13 7 11
2420
0 20 20 1
3110
12 14 3 6
4170
15 11 4 19
3130
3 19 12 6
3870
15 8 17 12
2830
5 14 8 14
3110
20 2 15 13
4410
7 17 7 8
3850
3 18 9 7
4870
2 6 17 19
3690
3 1 19 5
4560
19 2 14 15
4720
0 1 19 8
4040
2 5 3 8
4210
5 17 8 11
3220
8 10 0 10
4080
3 17 12 19
3590
8 1 10 13
4110
19 8 12 18
3460
8 10 4 8
3160
2 9 5 8
3760
5 0 16 18
3240
9 13 9 8
3630
5 18 2 12
2150
19 20 9 3
1170
9 2 2 3
4910
1 6 19 12
3800
12 0 13 16
3820
14 1 2 12
2820
13 6 19 11
3920
16 10 2 14
1900
8 1 7 10
4570
1 10 12 6
1820
2 1 12 7
4080
2 0 12 14
1660
2 17 13 6
3270
9 6 19 16
3360
9 14 0 9
3550
9 9 10 14
540
1 13 7 16
4050
10 1 18 12
3160
10 7 3 20
4520
0 12 19 12
3260
12 20 18 14
1760
2 16 9 9
670
7 18 7 3
4470
13 16 16 9
4030
4 1 15 10
4070
16 10 14 7
2210
13 3 11 4
4500
13 4 15 17
3670
3 20 10 11
4920
3 19 15 17
2300
15 1 16 3
70
5 7 3 5
2210
13 3 11 4
4750
20 16 13 8
4540
17 3 10 13
3370
11 17 9 20
4630
6 4 0 15
3800
17 17 19 19
4350
7 9 5 7
3640
5 7 5 12
4990
3 20 5 19
2680
20 2 18 14
3890
13 6 0 13
4070
16 10 14 7
3750
12 20 15 9
4630
9 2 13 8
3970
20 13 1 8
3250
0 16 1 18
540
1 13 7 16
3130
19 18 18 6
2240
5 19 10 8
3200
14 7 18 4
4990
6 7 18 14
3650
17 1 9 20
3150
5 6 11 7
3520
1 15 8 4
3080
20 19 12 10
1030
12 9 0 11
3390
7 20 3 9
3910
1 20 20 14
3340
16 6 16 9
3160
20 20 1 7
3590
10 0 11 12
3130
19 18 18 6
3790
1 16 0 20
3050
1 3 1 20
4060
10 19 3 15
470
7 9 14 12
1480
6 12 15 12
4450
9 20 12 9
1590
3 3 12 2
3250
10 16 12 18
3740
10 1 1 11
4320
6 10 12 20
4560
14 18 16 12
4770
19 5 3 11
4620
2 3 9 17
4720
14 17 19 11
2310
3 15 8 11
4340
0 2 14 17
4890
10 8 8 20
3790
3 7 14 7
4050
8 18 15 12
3620
5 14 2 17
3920
6 8 12 13
4950
19 20 0 14
4980
4 6 13 16
2150
17 9 15 2
1900
8 1 7 10
3400
20 5 16 16
3390
8 11 8 13
4770
1 1 13 20
680
20 4 19 11
1200
7 18 3 1
3060
17 1 7 19
3560
9 2 19 19
4870
6 17 0 9
1400
3 2 20 8
4670
16 16 3 7
3830
10 15 6 10
4740
8 8 11 11
3830
17 3 5 8
4360
14 8 12 18
4220
14 10 6 17
4790
14 5 20 13
3440
14 1 18 4
4720
11 3 14 19
530
13 18 14 2
3380
15 9 3 16
3900
2 18 4 6
3070
8 20 14 16
660
4 6 16 7
4750
16 9 9 11
4950
6 13 1 10
4900
17 1 9 8
1810
13 15 8 5
2600
11 0 13 14
3270
9 6 19 16
4380
18 13 3 15
4930
14 13 17 7
3100
15 19 19 14
3760
9 18 2 19
4580
5 3 15 10
770
11 12 13 2
3540
6 18 4 14
3640
8 20 15 8
3590
15 6 3 19
4940
16 3 17 11
2750
14 1 12 19
3760
9 18 2 19
3920
20 19 4 8
20
3 6 9 10
4470
13 16 16 9
2680
20 2 18 14
4550
11 4 0 19
2570
13 13 15 18
2290
13 19 7 14
680
4 11 14 7
4200
4 8 1 19
820
13 8 13 6
4400
18 20 11 9
2310
0 2 7 18
3500
8 10 19 13
5000
0 0 1 10
5000
5 0 0 10
100
5 18 4 16
130
13 11 9 6
270
17 20 18 15
3260
1 10 4 6
4290
13 14 18 20
3360
14 9 16 18
4510
18 20 1 7
540
1 13 7 16
2560
2 0 10 10
1030
2 0 0 4
4330
4 1 15 18
3360
3 17 16 8
3560
17 10 14 11
1530
14 8 5 8
0
