3020
19 2 16 14
3740
12 9 2 8
1250
2 19 3 6
3500
14 12 8 20
4470
16 18 3 16
4520
15 0 18 20
2290
10 1 19 17
4970
4 16 6 15
4070
8 1 2 13
3130
12 10 1 15
1570
6 8 11 4
2750
14 11 19 1
2030
14 17 16 11
3450
17 17 12 4
1600
9 6 11 16
3080
3 14 6 13
1950
8 10 20 11
3900
4 10 5 9
3880
10 8 12 15
4730
15 5 0 20
1600
9 6 11 16
4720
14 2 5 18
1270
1 20 20 1
1990
3 18 0 10
4930
18 16 2 10
2030
6 13 5 3
2510
6 10 20 7
3010
8 6 11 18
4500
12 5 10 18
3120
7 0 7 8
2030
20 15 18 2
840
17 5 20 10
60
9 8 18 2
3840
20 11 14 15
990
18 13 5 17
3070
4 1 16 3
1310
12 14 19 5
1020
13 4 7 8
2920
4 19 17 16
3220
0 14 14 19
3030
13 11 6 16
4960
8 6 11 17
130
1 14 2 14
4690
13 7 13 9
1740
17 13 16 14
1070
3 3 19 16
2860
8 8 5 8
2730
6 0 1 19
3350
2 14 8 6
3130
12 10 1 15
340
18 8 3 1
2170
19 18 10 4
2470
15 20 4 4
2950
16 3 16 8
2260
14 16 12 2
4610
7 7 2 13
2860
2 0 12 12
4840
13 15 19 8
4430
15 5 1 10
1800
15 4 6 20
550
20 19 18 3
640
8 14 9 19
3010
6 11 9 9
4050
15 18 4 19
3480
17 16 4 17
4480
17 8 0 11
4160
12 15 6 17
3930
12 11 10 5
3460
2 8 5 13
3560
10 16 14 3
2030
10 18 5 9
410
20 7 8 17
170
13 6 3 8
2920
4 19 17 16
3860
10 12 17 12
3840
8 9 18 18
4220
7 17 17 6
2610
18 9 12 20
3550
15 15 3 10
2250
9 14 19 9
3060
19 7 0 11
4600
1 4 19 8
3560
10 16 6 14
130
12 12 7 1
2390
15 9 13 7
4880
17 0 4 11
2290
0 7 2 15
100
7 1 14 7
4160
8 3 6 12
4640
9 11 14 20
2440
11 8 14 4
4650
8 6 8 12
3440
16 19 18 17
3910
20 15 3 20
3230
15 2 5 7
750
17 14 13 9
3910
5 15 20 11
1320
18 16 0 4
3160
20 10 8 14
770
4 16 11 7
1270
14 13 19 15
4690
17 8 2 13
1070
10 6 20 11
3420
11 8 7 11
4530
4 1 9 8
4010
1 8 7 13
3430
7 17 18 9
330
19 15 16 0
3010
1 11 20 13
4110
9 15 10 6
4860
9 15 15 11
4660
12 8 1 10
2070
11 5 4 15
3210
1 3 8 8
4600
8 19 8 12
3090
18 7 10 18
3600
18 14 18 6
1680
14 12 18 7
2300
0 7 16 19
960
7 11 1 4
4430
7 5 10 20
2910
19 3 0 16
1950
13 15 18 12
4190
7 6 16 14
2070
11 5 4 15
4070
13 12 16 5
3130
2 5 16 16
1550
6 12 16 3
430
8 3 12 15
3760
5 6 18 13
2890
6 18 1 13
1490
11 13 18 12
3010
1 11 20 13
1560
16 12 8 15
3500
6 9 13 20
270
3 15 11 19
1510
17 18 12 19
3180
20 13 9 11
4660
12 8 1 10
240
8 1 2 13
2820
5 5 10 13
3660
8 16 17 13
3200
19 2 11 18
2610
18 9 12 20
4990
6 12 13 14
3610
7 0 12 11
1810
9 3 6 17
240
8 1 2 13
3730
7 4 12 16
4570
10 3 9 15
4460
8 9 4 14
2410
2 13 15 16
570
16 5 17 9
3310
18 0 5 13
3530
10 7 4 9
4250
20 18 17 13
3850
5 3 13 7
4930
1 15 9 11
4160
14 20 14 13
3370
8 17 18 13
80
1 16 15 13
1420
12 12 9 15
300
7 20 14 4
3740
15 9 7 17
2560
3 2 7 6
2210
8 13 10 14
3680
6 8 20 4
1320
16 17 7 7
4360
18 17 10 8
4640
16 9 20 7
1040
4 7 15 19
700
15 10 17 16
940
9 6 9 3
2680
11 20 18 1
2460
4 3 3 4
2550
13 13 6 5
500
2 16 0 6
4390
12 0 0 19
1630
18 8 7 15
4600
13 10 18 17
4520
18 15 4 19
3530
12 1 20 17
4490
6 7 12 10
3220
4 2 1 12
3100
14 9 7 18
70
6 7 12 10
2830
20 5 10 16
4240
20 0 14 16
3340
9 13 5 20
3830
17 11 13 6
4400
6 16 16 14
1660
18 12 3 11
3270
5 19 13 15
4910
14 18 2 9
2210
8 13 10 14
4010
1 8 7 13
4000
20 16 4 6
3470
3 17 11 12
2890
15 10 0 15
110
1 15 18 13
3390
9 4 7 6
1210
17 13 12 12
3100
2 19 4 15
310
8 8 7 6
3940
11 18 20 5
3110
7 14 2 15
850
4 20 14 14
2410
7 7 13 20
4670
13 12 1 10
4300
13 15 14 18
3940
15 2 17 6
2730
1 8 10 10
610
13 8 12 19
3560
1 19 14 19
4170
20 20 18 7
2870
20 12 8 7
130
1 14 2 14
2890
0 8 9 19
570
0 2 14 17
3010
1 11 20 13
2860
2 0 12 12
4020
3 10 4 18
2200
5 13 1 18
1070
10 6 20 11
2460
8 20 4 2
740
6 1 14 8
4960
4 1 10 18
3030
11 15 18 16
2470
19 18 15 15
4480
12 0 9 12
2700
3 9 20 8
3360
0 8 6 15
2820
6 2 15 13
4400
17 6 0 15
80
5 12 16 20
4190
7 9 14 20
4070
13 12 16 5
3190
19 2 5 19
2480
7 10 14 7
2310
1 15 1 18
4870
8 18 3 19
1950
3 13 17 14
270
15 3 8 8
950
17 11 6 2
4590
13 19 1 13
3170
3 17 8 20
680
17 5 4 12
4360
13 8 10 10
3420
6 2 20 10
4080
16 4 3 10
1330
9 14 2 20
3580
1 17 4 9
1470
3 14 15 3
4150
13 7 19 14
100
7 1 14 7
1320
10 3 11 3
1960
4 0 19 19
1200
6 7 19 18
3330
18 0 0 13
700
14 12 19 12
2440
18 17 2 15
1070
3 3 19 16
3630
8 17 8 13
3470
16 11 6 17
1520
7 9 15 19
1190
15 5 13 3
160
7 12 19 19
4650
16 14 13 20
1520
7 9 15 19
3310
1 18 4 15
1970
7 17 8 1
4410
12 9 20 11
3270
10 1 16 9
1960
10 15 13 17
910
12 8 2 19
4910
7 19 12 20
4980
10 20 17 20
4610
8 5 7 15
4860
9 15 15 11
2990
20 19 5 16
4210
16 16 5 16
2800
5 1 11 4
1350
10 13 11 19
2580
11 2 14 2
810
8 1 3 18
2520
15 6 11 6
3910
18 14 20 3
3290
7 1 15 8
4120
20 4 1 17
4570
19 19 16 17
4640
9 11 14 20
4010
10 5 14 20
3100
17 1 15 10
510
3 7 0 19
1740
5 4 0 13
4030
19 9 9 11
1490
15 2 9 17
3290
19 16 2 12
890
4 2 8 11
2620
6 4 16 6
4460
13 0 11 7
1080
19 2 1 11
1450
3 11 2 7
150
16 18 1 10
430
8 3 12 15
1730
7 7 15 8
2350
4 5 19 4
2960
4 14 17 11
2920
13 0 4 6
3030
9 18 14 3
4090
12 8 16 7
1050
0 14 2 6
580
12 5 7 4
2260
14 16 12 2
4720
16 18 16 6
90
4 11 16 2
2710
7 9 18 2
4720
14 2 5 18
1980
5 16 5 10
1040
6 12 10 14
4070
13 13 15 15
230
20 9 0 10
2120
8 19 12 16
3850
9 5 9 8
4290
18 18 5 14
3680
3 3 15 6
1140
5 4 10 7
3460
0 15 16 13
980
10 2 6 4
3910
5 15 20 11
4190
15 0 20 19
3280
0 10 14 16
3580
20 11 9 18
110
2 19 12 17
3630
0 18 12 5
4260
19 0 6 13
3720
5 11 1 12
3920
6 11 17 10
70
12 8 9 14
4950
1 8 7 18
4560
11 6 19 9
4940
6 13 5 16
1370
5 6 4 18
580
12 5 7 4
3210
13 11 18 16
4420
17 16 10 6
1390
8 5 7 19
100
5 12 3 1
2010
10 2 4 3
4450
5 10 16 13
3760
17 14 4 13
2120
8 19 12 16
1940
20 18 20 6
3420
19 4 12 5
2290
10 1 19 17
1030
4 14 16 17
3370
15 10 17 17
3860
4 11 13 7
3650
2 12 7 5
2300
0 7 16 19
4240
20 0 14 16
2440
8 11 6 7
4410
12 9 20 11
4760
6 12 7 7
4230
5 0 1 16
1860
16 18 15 20
3320
15 14 20 16
3790
11 6 17 13
260
19 13 1 14
3010
2 19 12 7
1180
18 1 17 1
1990
3 18 0 10
90
5 3 2 15
1070
3 3 19 16
1890
1 11 12 4
1270
13 7 20 20
4170
18 11 10 5
2990
5 3 10 4
630
19 15 17 12
4810
2 18 8 20
3230
14 10 16 6
2510
11 16 20 19
2170
19 18 10 4
4820
19 16 20 6
4160
14 20 3 13
2220
14 16 3 15
3180
14 13 8 15
1470
3 14 15 3
2000
5 13 9 6
3640
16 14 11 16
4330
9 0 18 19
3520
3 17 12 9
4220
7 17 17 6
2610
18 20 15 8
60
20 17 3 9
2500
4 14 5 3
2800
5 1 11 4
3420
6 2 20 10
1370
2 7 19 8
1890
0 1 9 19
3470
0 12 0 7
3040
19 6 17 12
690
19 20 16 0
3390
8 19 3 12
4100
3 18 20 16
4650
8 7 1 17
4860
10 3 13 18
3930
1 1 17 6
90
3 16 10 18
160
14 3 18 5
3520
2 10 15 14
1200
7 2 17 18
3760
17 14 14 19
3200
0 14 16 6
4050
9 10 19 13
790
3 16 4 16
4150
8 19 19 16
4860
7 7 13 19
2910
4 19 10 12
3010
17 16 9 5
2910
10 1 8 13
3450
17 17 12 4
4100
2 9 14 16
3680
13 13 15 10
3140
17 4 7 8
2620
13 5 7 20
490
2 9 13 9
1960
10 18 3 16
4870
5 15 17 7
3060
2 17 8 16
4900
17 12 12 8
1350
10 13 11 19
4720
12 8 11 13
2600
11 6 16 8
1630
4 18 13 15
2300
19 13 20 17
90
9 11 1 20
3130
20 10 13 12
2240
0 2 6 9
3830
14 18 8 8
1960
20 8 6 4
4950
7 11 12 19
3870
19 17 15 14
2880
8 6 19 11
1990
3 18 0 10
4560
17 20 18 5
1630
3 12 12 15
4000
19 14 14 7
3490
4 7 10 15
680
11 1 3 8
3350
20 19 7 9
3440
9 11 10 7
3710
17 8 7 12
4670
18 19 10 19
3450
7 8 16 16
3350
2 0 18 17
490
2 9 13 9
4530
16 14 17 17
3760
15 3 2 20
3270
18 14 16 15
4150
13 7 19 14
1180
18 1 17 1
910
11 13 2 3
2220
20 11 15 16
450
8 5 17 20
1910
17 19 10 0
3930
16 7 7 9
1130
18 2 11 20
4260
1 3 4 14
3680
2 14 0 20
3800
0 17 10 12
3700
6 12 4 17
3370
12 7 6 16
1170
19 6 20 20
3600
3 13 5 20
2790
13 17 0 5
3940
11 18 20 5
3760
14 20 11 15
3140
17 4 7 8
1370
3 1 14 9
4020
1 1 5 17
2850
3 16 2 16
790
12 12 8 17
1800
15 4 6 20
1370
7 5 6 2
2830
20 5 10 16
10
0 0 1 0
4430
11 8 6 20
1430
14 8 2 19
1840
12 20 8 7
990
6 6 4 5
4870
9 14 13 20
3050
2 12 11 18
4070
8 1 2 13
1310
12 14 19 5
550
9 9 11 20
910
15 15 18 1
3450
17 9 13 10
4610
4 9 17 12
1910
17 19 10 0
910
15 15 18 1
270
9 4 9 13
4520
8 11 8 8
710
7 18 3 2
4790
7 16 17 10
380
11 20 1 3
200
11 6 15 2
2010
10 2 4 3
3980
14 0 5 8
130
2 14 2 9
4450
6 17 20 16
3520
10 5 17 16
4840
8 4 1 16
4290
8 12 18 14
3560
20 1 0 11
2020
18 13 2 20
2250
1 8 13 11
2990
5 3 10 4
4090
13 1 2 10
1310
14 15 1 19
920
8 14 6 2
4910
2 13 1 16
2820
6 2 15 13
970
4 1 14 19
4340
6 17 20 7
4850
6 8 10 8
3310
18 0 5 13
3210
13 11 18 16
1280
7 2 11 3
290
12 7 8 3
4530
4 1 9 8
1650
15 18 9 16
2640
18 16 18 9
4130
6 0 13 8
3990
0 3 16 18
560
4 6 13 14
3010
1 11 20 13
1410
11 6 20 16
4510
20 19 12 5
3490
14 10 10 16
3010
8 6 11 18
1930
18 9 18 15
4310
0 10 10 12
1850
11 18 0 8
4370
7 8 15 6
2540
8 6 12 14
2440
8 11 6 7
290
13 4 4 18
1040
20 1 18 2
420
7 0 8 9
2560
3 7 14 3
3040
20 9 16 5
3950
12 0 18 20
4140
8 1 7 8
3660
0 6 6 9
3830
17 11 13 6
4220
18 14 4 19
1270
1 20 20 1
290
19 7 0 8
3760
17 14 14 19
720
19 7 1 8
2080
19 3 7 8
4760
4 15 12 13
4620
19 8 9 15
4070
7 7 14 14
1070
2 3 0 4
450
5 6 8 8
2130
2 5 14 19
40
12 16 6 15
2070
6 4 13 8
1960
20 8 6 4
2740
0 12 12 5
3150
18 3 13 12
2900
19 10 14 14
3060
0 18 17 13
1620
19 2 7 20
4130
15 18 0 8
3060
17 4 19 15
4730
18 15 18 9
4980
6 6 14 7
4750
6 15 15 16
4340
7 11 15 14
3200
17 18 0 16
630
9 7 1 19
810
0 6 8 20
3510
6 5 5 18
510
3 7 0 19
1520
14 8 8 10
2410
20 18 7 15
400
11 16 16 0
2030
10 18 5 9
460
1 1 7 19
3440
3 13 2 13
3980
5 7 10 14
210
3 4 14 9
2430
10 3 13 3
3010
1 11 20 13
2510
12 0 6 7
2000
12 14 17 5
3280
13 14 11 19
4150
13 7 19 14
2720
7 20 10 8
4670
8 6 20 12
2280
6 0 8 3
3830
17 11 13 6
340
11 18 17 20
3680
7 19 15 4
2810
10 6 13 6
4580
7 10 14 6
1450
18 0 14 3
2220
12 2 3 6
1910
16 3 10 14
210
1 13 9 7
130
2 14 2 9
2120
8 19 12 16
2510
12 0 6 7
3550
1 4 13 13
3420
19 4 12 5
4460
8 9 4 14
4260
1 6 17 7
1660
16 0 20 7
4540
3 7 19 8
3700
6 12 4 17
820
16 9 11 3
4070
12 14 18 17
4270
8 20 20 16
2760
4 4 1 10
4030
15 16 19 16
4400
13 6 8 11
3290
10 13 10 19
1670
8 6 6 4
1910
11 15 18 3
4840
8 4 1 16
890
4 2 8 11
2120
20 4 4 10
4320
18 18 12 6
1150
4 5 18 2
4650
16 14 13 20
80
7 9 0 16
1900
18 19 0 13
70
12 8 1 5
700
7 1 14 9
1350
4 17 6 0
2600
11 6 16 8
1570
6 8 11 4
950
8 0 10 9
2500
11 11 17 7
3880
0 20 5 19
3400
17 19 0 15
1370
5 6 4 18
620
1 9 4 16
3250
18 1 19 18
2890
15 10 0 15
2260
0 3 15 16
4790
18 5 7 19
2030
14 17 16 11
3470
16 11 6 17
3500
15 7 8 12
3090
18 7 10 18
2340
9 17 15 8
1030
5 1 9 5
4970
20 19 2 11
550
9 9 11 20
700
15 10 17 16
4880
14 19 15 6
2610
18 20 15 8
1920
11 5 11 3
2260
14 16 12 2
3610
10 12 2 7
4760
1 9 13 16
2990
5 3 10 4
1080
10 3 7 18
3320
11 0 12 11
2770
16 19 6 8
5000
15 4 19 19
10
0 0 0 1
1490
16 15 19 17
1270
13 7 20 20
3440
7 10 15 15
3750
11 20 15 6
460
1 1 7 19
1470
9 12 3 4
90
5 3 2 15
3660
7 9 1 11
1940
13 14 13 14
1780
12 19 12 6
400
4 9 16 0
2370
17 3 13 10
3370
1 4 2 17
70
12 8 9 14
3410
14 8 2 13
2280
5 19 17 4
130
12 12 7 1
2950
12 8 7 16
4180
8 6 8 11
180
8 19 19 16
400
4 9 16 0
240
3 19 1 10
4890
15 11 1 14
1510
17 18 12 19
4480
12 0 9 12
4760
20 15 11 9
4130
4 4 5 16
290
12 7 8 3
3130
5 16 2 11
470
4 18 6 8
4330
9 12 17 20
3730
7 0 11 8
3780
4 15 17 6
4180
13 4 0 15
2050
15 15 18 12
3440
4 1 19 15
2230
15 18 16 4
390
16 16 10 10
2540
4 16 10 19
1630
4 18 13 15
4720
20 20 12 12
3040
20 9 16 5
3890
3 14 17 19
3470
4 12 12 20
880
4 7 1 4
3680
14 4 18 15
3100
10 9 19 3
1160
2 4 5 7
3450
17 9 13 10
1650
17 20 0 7
4060
13 9 7 8
260
11 19 2 20
3480
14 18 12 13
4780
16 20 9 16
3900
10 2 16 12
120
2 12 17 9
1490
16 15 19 17
3910
20 15 3 20
4470
4 19 3 8
1610
9 19 19 16
4620
20 2 10 9
1520
7 12 15 3
1730
19 2 7 8
390
15 13 19 16
3560
10 16 14 3
1630
3 12 12 15
4070
18 2 3 18
4820
20 18 17 7
3970
9 13 15 20
2030
3 18 19 9
3120
3 2 8 16
2500
11 13 10 6
1370
3 1 14 9
3280
19 0 5 9
1080
18 1 15 17
4110
5 2 0 13
2080
13 19 4 7
4990
6 12 13 14
90
9 11 1 20
1450
18 0 14 3
3140
14 18 20 13
1620
15 20 7 18
3840
20 11 14 15
2840
20 12 19 20
420
7 5 4 4
4470
1 20 9 14
3810
8 8 18 15
1260
17 14 20 10
2640
12 10 18 18
3120
3 2 8 16
3240
12 5 16 13
620
1 9 4 16
60
9 8 18 2
1520
14 8 8 10
1370
2 7 19 8
2240
8 18 17 2
740
6 1 14 8
3620
5 9 1 19
4250
20 7 11 9
4570
19 19 16 17
3060
7 5 13 4
1200
6 7 19 18
690
19 20 16 0
3070
18 14 2 8
630
9 7 0 4
800
20 19 11 18
2500
4 14 5 3
4970
0 17 0 17
1570
6 8 11 4
3510
6 5 5 18
4680
3 17 19 9
3280
1 2 20 15
1390
12 13 9 19
3950
5 4 13 12
4870
12 19 7 9
4590
5 16 11 19
390
14 6 19 13
4810
0 15 10 19
4880
17 0 4 11
4720
0 3 6 17
4750
17 7 19 9
2640
12 10 18 18
1150
8 8 1 14
510
18 19 16 20
2920
3 8 14 4
4560
17 20 18 5
3350
2 0 18 17
3230
17 7 10 11
3430
7 17 18 9
3470
15 16 8 12
1960
4 0 19 19
3370
6 4 20 5
3060
5 6 9 6
300
7 20 14 4
3630
17 12 0 17
3830
8 8 4 13
4990
11 17 5 19
4950
5 3 11 12
4730
8 19 2 7
800
20 19 11 18
3630
0 18 12 5
4010
19 17 15 9
140
7 1 19 0
1190
0 9 14 6
1660
16 0 20 7
150
15 17 17 3
3240
8 9 20 20
2040
12 3 6 4
3100
11 16 3 15
240
6 16 6 7
1030
5 1 9 5
10
0 2 18 4
1430
14 8 2 19
3970
16 3 18 6
80
7 9 0 16
4420
15 15 17 15
3170
4 18 10 8
290
13 4 4 18
1840
13 7 10 18
1820
12 8 6 15
1850
7 8 7 12
730
12 3 1 15
470
4 18 6 8
1350
4 17 6 0
2750
0 16 0 5
970
4 2 2 11
1910
6 13 4 2
1010
7 4 19 14
1350
10 13 11 19
2000
12 14 17 5
3970
15 15 14 15
4200
6 11 18 16
3360
16 19 9 3
3500
17 11 18 18
3110
8 13 10 13
4030
13 16 20 6
4450
15 3 0 15
4950
6 4 1 20
2450
0 20 5 16
4480
17 8 0 11
3700
19 9 5 15
4730
18 15 18 9
4760
16 6 6 16
4200
13 15 0 20
4130
6 0 13 8
3170
1 17 4 14
3300
0 9 9 10
1350
16 5 12 10
3950
16 9 16 13
2130
2 5 14 19
2560
17 13 4 3
1570
7 13 15 17
1810
17 8 0 8
2510
8 17 6 11
3330
15 19 14 16
1650
17 20 0 7
2470
19 18 15 15
130
1 14 2 14
920
8 14 6 2
650
9 15 2 0
4160
19 8 13 12
920
4 10 16 11
480
9 4 6 8
3870
17 11 8 7
4860
9 15 15 11
760
7 16 16 3
3350
2 1 14 11
3100
14 19 19 20
3440
4 5 10 17
1940
0 11 15 17
3910
17 15 13 8
4760
0 16 20 8
3200
2 20 0 11
340
6 5 4 0
1130
18 2 11 20
4730
12 2 14 18
2240
0 2 6 9
1620
19 2 7 20
3420
19 4 12 5
300
4 13 5 11
2700
11 14 11 2
4120
10 2 12 7
4490
13 13 12 13
1170
19 6 20 20
1320
16 17 7 7
800
5 8 10 3
2510
11 16 20 19
2400
5 3 18 15
4470
20 16 7 8
2590
16 9 19 5
4660
20 12 19 15
3910
3 18 14 6
2540
4 16 10 19
1680
14 12 18 7
1500
3 6 0 7
4510
20 19 12 5
910
11 13 2 3
4180
1 11 19 8
4070
7 7 14 14
510
13 2 8 10
3780
19 15 18 14
1890
11 2 17 3
4960
4 1 10 18
3510
3 1 10 20
4010
1 8 7 13
680
12 5 7 3
3290
2 13 9 12
3920
9 14 1 11
70
12 8 9 14
3490
0 4 3 15
3040
20 9 16 5
4880
17 0 4 11
3950
5 4 13 12
4480
12 0 9 12
570
16 5 17 9
4580
14 1 18 14
1790
9 14 4 5
4250
20 7 11 9
3660
8 16 17 13
2790
20 0 16 19
2240
8 18 17 2
720
20 1 11 14
810
8 1 3 18
2820
5 5 10 13
140
17 13 13 7
340
18 8 3 1
4570
10 3 9 15
100
5 12 3 1
4470
1 20 9 14
4410
5 5 14 8
3390
16 2 20 5
3060
14 12 20 15
3320
19 11 14 4
1730
19 6 3 18
1170
0 7 3 4
1270
1 20 20 1
4230
17 6 20 19
4550
10 1 4 17
1140
1 6 10 4
1500
3 6 0 7
4800
14 11 7 7
4110
5 17 1 11
1060
13 20 19 1
3370
12 7 6 16
3740
10 4 18 18
4420
20 0 4 20
4730
18 15 18 9
3570
12 1 16 18
710
7 2 5 10
2020
7 3 1 15
3220
15 18 12 8
240
3 19 1 10
150
15 17 17 3
4740
9 2 12 14
1420
12 12 9 15
3470
15 16 8 12
120
2 12 17 9
3360
6 9 8 16
4070
19 7 20 12
270
9 4 9 13
4770
8 0 19 10
1510
13 13 14 11
2500
16 6 0 15
4890
20 16 8 15
3940
9 13 12 13
2790
13 17 0 5
1530
8 12 6 6
3420
11 8 7 11
4660
12 12 12 12
3680
2 14 0 20
3910
12 7 19 20
3990
1 14 14 15
1820
16 1 17 5
4140
12 18 7 14
2680
11 20 18 1
550
20 19 18 3
4700
5 7 10 19
4610
20 2 16 14
4070
18 2 3 18
1620
15 20 7 18
470
4 18 6 8
600
12 10 6 20
2450
20 13 19 15
4860
13 19 9 6
4930
11 9 7 8
510
3 7 0 19
4300
3 17 14 9
3970
15 15 14 15
4650
8 11 3 10
910
15 15 18 1
1500
3 6 0 7
3230
20 13 4 17
1360
9 9 8 4
4160
14 20 14 13
4520
4 15 12 11
4220
1 18 13 10
3620
0 0 8 16
3610
10 12 2 7
3950
4 10 0 13
1270
13 7 20 20
3940
9 13 12 13
4290
6 1 12 9
4650
8 11 3 10
3360
0 8 6 15
3720
5 11 1 12
3310
2 4 19 3
3470
16 11 6 17
3100
6 19 12 17
4130
15 18 0 8
3160
20 10 8 14
330
19 15 16 0
240
6 16 6 7
4340
1 1 10 8
1840
9 9 19 10
4370
7 8 15 6
3860
15 12 10 15
4770
0 17 14 20
3180
1 15 8 14
4700
4 4 9 11
3420
11 8 7 11
1290
15 13 1 9
4880
14 15 12 13
2030
8 7 15 1
4210
16 7 2 10
700
7 1 14 9
1330
9 14 2 20
2220
14 16 3 15
1730
19 6 3 18
4210
0 5 7 19
3890
9 11 1 11
3990
0 3 16 18
3880
0 20 5 19
3870
2 20 16 14
4580
17 2 20 18
2680
11 20 18 1
2290
9 9 4 7
4180
13 4 0 15
2470
19 18 15 15
4510
15 9 10 8
3780
8 5 17 6
3550
1 4 13 13
4460
17 12 0 18
2340
9 17 15 8
2960
4 14 17 11
700
14 12 19 12
3400
1 1 9 13
3460
6 14 7 13
4410
5 5 14 8
4090
3 5 13 8
40
12 16 6 15
2620
6 4 16 6
40
12 16 6 15
2440
18 17 2 15
4200
15 3 16 6
3480
3 1 6 8
4540
13 11 1 18
3520
18 16 9 19
4110
5 17 1 11
4500
10 16 3 14
1630
4 18 13 15
4790
17 8 2 12
990
18 13 5 17
3950
17 19 13 4
3010
8 6 11 18
580
17 16 11 15
4880
9 5 15 12
3170
8 7 15 8
4320
0 4 3 9
3830
5 16 5 6
4790
1 19 8 10
2660
0 6 15 18
1520
14 8 8 10
3110
19 14 19 3
4280
6 11 1 20
2560
17 13 4 3
3390
18 13 4 7
1900
4 9 2 12
2030
3 18 19 9
3460
17 9 16 18
4470
6 13 3 17
3680
6 8 20 4
2560
17 13 4 3
240
3 19 1 10
4360
9 6 11 6
2620
13 5 7 20
910
11 13 2 3
3370
6 4 20 5
80
7 9 0 16
2340
9 17 15 8
1290
20 14 9 10
4210
16 7 2 10
1170
8 1 10 13
3800
18 17 14 5
3510
17 10 20 5
970
4 2 2 11
2610
18 9 12 20
2880
8 6 19 11
420
7 0 8 9
3740
13 1 0 9
4950
4 20 11 15
4870
12 19 7 9
4930
11 5 19 12
3220
16 8 4 14
4260
1 6 17 7
90
14 2 4 19
2240
0 2 6 9
4470
1 20 9 14
4330
9 0 18 19
3330
13 0 20 20
3560
10 16 6 14
2900
19 10 14 14
3060
0 18 17 13
3370
12 7 6 16
3220
1 18 1 14
4670
8 6 20 12
110
2 19 12 17
3440
7 10 15 15
4240
18 11 1 7
1470
3 14 15 3
3910
17 15 13 8
3410
14 8 2 13
1840
9 9 19 10
4320
17 10 19 12
3840
14 4 9 20
3140
14 18 20 13
3520
3 17 12 9
1850
7 8 7 12
3700
16 15 0 20
3630
16 11 18 11
3080
3 14 6 13
240
4 12 15 10
1670
3 16 12 14
4210
0 5 7 19
90
3 16 10 18
4940
18 8 20 6
4190
4 6 10 16
3510
17 10 20 5
4160
6 11 3 15
3350
2 14 8 6
3860
9 10 3 13
3870
17 11 8 7
1650
17 20 0 7
3310
1 18 4 15
4170
20 20 18 7
3930
13 14 14 16
4360
14 20 18 6
4520
15 0 18 20
3680
7 19 15 4
4070
18 2 3 18
2560
3 7 14 3
40
12 16 6 15
3370
16 2 14 11
240
8 1 2 13
2300
0 7 16 19
4220
18 14 4 19
2410
20 18 7 15
990
18 13 5 17
1370
5 6 4 18
1850
0 17 19 18
4150
8 19 19 16
3940
17 18 5 12
4610
20 2 16 14
4320
0 4 3 9
4340
11 9 12 11
4090
12 8 16 7
2790
13 17 0 5
810
0 6 8 20
2300
19 13 20 17
3290
7 1 15 8
4360
14 20 18 6
100
12 6 18 5
4600
12 3 11 20
3620
20 15 19 13
1480
15 19 13 5
3280
0 10 14 16
3470
9 1 19 20
3230
13 5 2 14
3970
16 3 18 6
720
19 7 1 8
4540
13 11 1 18
4780
9 10 2 17
360
16 11 0 16
4160
14 20 3 13
3810
8 8 18 15
4220
5 0 2 18
4770
0 13 10 19
4940
9 15 2 17
3480
7 20 14 10
3790
15 2 3 20
3300
4 7 9 6
2700
9 3 9 16
3010
2 19 12 7
3940
11 18 20 5
4370
3 9 2 15
940
15 4 0 19
3400
6 2 5 16
660
8 16 16 16
2030
8 7 15 1
3090
1 19 20 5
4790
17 8 2 12
3170
8 7 15 8
3040
20 9 16 5
3750
20 17 10 16
3190
19 2 5 19
4810
0 15 10 19
4180
3 11 19 16
3560
20 1 0 11
4460
19 3 3 12
2730
1 8 10 10
3750
20 17 10 16
4460
17 12 0 18
2590
16 9 19 5
3100
6 19 12 17
3990
10 17 10 10
230
20 9 0 10
4270
8 20 20 16
950
17 11 6 2
3170
0 8 11 7
340
11 18 17 20
4200
13 15 0 20
3790
11 6 17 13
4370
7 13 8 15
1510
13 13 14 11
4370
3 9 2 15
580
17 16 11 15
4550
10 17 17 10
4160
6 11 3 15
800
20 19 11 18
4980
20 7 12 15
1840
13 7 10 18
4200
1 7 9 9
70
12 8 9 14
3580
11 19 16 20
5000
20 20 20 20
4340
8 5 19 12
630
16 13 11 8
4220
7 17 17 6
3850
19 17 20 15
3130
5 16 2 11
340
11 18 17 20
3500
13 14 6 5
4540
15 10 5 18
4590
5 16 11 19
4920
2 6 1 15
1630
3 12 12 15
3970
9 13 15 20
4760
0 16 20 8
3120
9 10 11 20
160
7 12 19 19
4860
4 18 7 9
3850
19 17 20 15
4810
2 18 8 20
4860
7 7 13 19
4010
18 13 15 12
2630
8 1 20 9
980
10 2 6 4
3620
0 0 8 16
4160
5 7 16 7
4250
20 18 17 13
4410
12 9 20 11
2120
1 9 0 7
4360
14 20 18 6
4400
17 6 0 15
4600
12 3 11 20
940
15 4 0 19
3560
10 16 14 3
3940
9 13 12 13
3620
5 9 1 19
700
7 1 14 9
1520
11 16 1 4
3510
4 2 4 17
3830
17 11 13 6
4930
4 13 4 15
3580
1 17 4 9
2820
6 2 15 13
660
0 7 19 8
1800
15 4 6 20
3220
16 17 1 7
4180
3 11 19 16
4600
15 12 18 12
4460
15 20 1 10
4860
5 11 10 20
4040
19 9 19 3
3130
14 8 11 10
3990
16 14 3 19
3500
17 11 18 18
3470
9 19 6 7
260
16 13 11 4
4470
4 19 3 8
4730
15 5 0 20
5000
1 0 0 10
3420
18 19 16 15
3470
17 7 11 16
3290
14 12 13 14
4170
18 11 10 5
4680
3 17 19 9
4060
13 9 7 8
430
8 3 12 15
3360
0 8 6 15
4110
10 8 19 14
3030
14 14 11 14
3230
13 5 2 14
3760
5 6 18 13
2040
16 14 4 18
4290
1 4 18 14
3420
6 2 20 10
3440
9 11 10 7
4880
17 0 4 11
330
19 15 16 0
10
20 20 20 20
3100
2 19 4 15
4250
17 18 12 15
4560
8 6 20 19
4370
7 13 8 15
3100
2 19 4 15
3610
14 2 16 20
450
5 6 8 8
3060
13 15 10 10
3010
6 11 9 9
3630
16 11 18 11
4400
6 13 12 14
4910
0 5 12 15
4860
4 18 7 9
3380
4 6 15 7
2040
16 14 4 18
1650
17 20 0 7
3460
11 18 1 5
4840
4 17 17 10
490
2 9 13 9
4800
14 11 7 7
4340
7 11 15 14
4840
8 4 1 16
3420
5 15 12 18
3650
16 6 3 6
4870
4 19 6 8
4330
0 17 18 5
4420
0 15 10 12
1350
16 5 12 10
3320
11 0 12 11
3610
14 2 16 20
300
4 13 5 11
2480
7 10 14 7
3890
8 15 0 14
3540
2 14 14 11
4720
16 18 16 6
1170
19 6 20 20
5000
15 4 19 19
3600
3 13 5 20
3890
8 15 0 14
4690
13 7 13 9
4340
11 9 12 11
450
5 6 8 8
4990
13 15 15 10
4790
6 11 18 5
4450
6 17 20 16
220
11 15 0 1
3530
10 7 4 9
4460
19 13 2 15
1270
13 7 20 20
3480
14 18 12 13
1900
18 19 0 13
3240
12 5 16 13
3900
4 10 5 9
4820
19 16 20 6
3040
6 15 6 4
3820
13 14 4 9
4800
20 5 5 15
4390
2 4 16 9
4200
19 18 10 20
3850
19 17 20 15
3100
10 9 19 3
3180
7 15 13 19
3920
6 11 17 10
4550
10 1 4 17
4920
2 6 1 15
3450
7 8 16 16
2750
0 16 0 5
3530
4 9 7 5
4380
20 7 10 7
2260
0 3 15 16
4990
3 0 12 17
4700
4 4 9 11
3620
20 15 19 13
3650
16 6 3 6
260
16 13 11 4
3200
2 20 0 11
4450
15 3 0 15
4740
17 4 9 13
4800
20 5 5 15
3330
13 0 20 20
2920
4 19 17 16
3790
12 20 4 18
950
17 11 6 2
1670
2 13 14 5
810
8 1 3 18
3710
17 8 7 12
4020
17 0 14 12
4790
18 5 7 19
4290
20 5 10 14
4360
18 17 10 8
2430
10 3 13 3
3900
6 3 6 15
2440
18 17 2 15
3800
14 12 18 20
4690
18 9 3 15
560
4 6 13 14
4460
13 0 11 7
3310
1 18 4 15
5000
20 19 20 20
4190
15 0 20 19
2340
9 17 15 8
4990
11 17 5 19
3330
18 0 0 13
4890
15 11 1 14
3460
11 18 1 5
2640
12 10 18 18
4730
15 5 0 20
4130
6 0 16 8
3180
14 13 8 15
3290
10 13 10 19
710
14 4 8 19
3800
14 12 18 20
4580
14 1 18 14
3340
4 11 4 12
4010
18 13 15 12
4440
17 18 19 14
2790
13 17 0 5
4540
3 7 19 8
80
5 12 16 20
4590
13 19 1 13
4230
7 18 19 8
4490
13 13 12 13
1040
6 12 10 14
360
16 11 0 16
4740
9 2 12 14
1670
3 16 12 14
4780
9 10 2 17
3480
18 2 4 16
3470
7 1 1 16
3210
6 20 11 10
4320
20 6 7 9
3090
10 9 4 13
4200
6 11 18 16
4290
18 18 5 14
2820
6 2 15 13
4190
7 9 14 20
4820
18 6 14 6
3470
0 12 0 7
820
16 9 11 3
3030
11 15 18 16
4030
19 9 9 11
1670
2 13 14 5
3280
3 17 6 18
560
4 6 13 14
4880
2 16 11 12
3440
9 11 10 7
3340
4 11 4 12
3060
19 7 0 11
300
4 13 5 11
4200
1 7 9 9
2820
5 5 10 13
3700
16 15 0 20
340
11 18 17 20
1180
18 1 17 1
4950
4 20 11 15
4190
15 0 20 19
3490
12 8 11 10
3280
3 17 6 18
2780
6 6 17 14
4010
10 1 15 14
4290
6 1 12 9
3370
16 2 14 11
3790
17 20 12 12
680
11 1 3 8
4010
10 7 4 14
3800
18 17 14 5
3310
16 17 20 18
3380
4 6 15 7
4020
1 1 5 17
4800
20 5 5 15
3630
8 17 8 13
4200
1 7 9 9
3310
2 4 19 3
4870
4 19 6 8
510
3 7 0 19
90
14 2 4 19
3620
0 0 8 16
300
7 20 14 4
4280
4 9 15 7
4560
17 20 18 5
3600
3 13 5 20
4030
1 16 10 14
3480
14 18 12 13
4840
4 17 17 10
4760
1 9 13 16
260
12 5 11 13
4710
1 6 19 16
3860
4 11 13 7
950
17 11 6 2
4420
0 15 10 12
3170
1 17 4 14
3560
13 7 8 6
4200
19 18 10 20
4610
7 7 2 13
3340
13 7 12 15
3910
3 18 14 6
1050
0 14 2 6
980
10 2 6 4
1670
2 13 14 5
4730
8 19 2 7
4800
7 4 19 9
4300
13 15 14 18
4660
20 12 19 15
4840
8 4 1 16
4700
5 7 10 19
4800
20 5 5 15
4110
5 2 0 13
4820
19 16 20 6
4460
17 12 0 18
4110
5 2 0 13
4980
6 6 14 7
3060
18 3 11 14
2030
14 17 16 11
3230
15 2 5 7
3310
14 18 16 8
4630
4 2 6 18
4690
18 9 3 15
2500
16 6 0 15
1730
19 6 3 18
3180
1 15 8 14
600
12 10 6 20
4140
12 18 7 14
3050
2 12 11 18
3990
10 17 10 10
2080
13 19 4 7
4390
2 4 16 9
4760
5 0 0 18
2480
7 10 14 7
600
12 10 6 20
4880
20 4 2 16
3460
6 14 7 13
1970
7 17 8 1
3110
0 5 10 12
4730
6 2 17 19
4380
17 13 13 12
3750
11 20 15 6
2790
13 17 0 5
3540
2 14 14 11
3830
15 13 10 10
4750
17 7 19 9
4030
13 16 20 6
3480
18 17 15 4
1910
16 3 10 14
2080
13 19 4 7
3790
15 2 3 20
3460
2 8 5 13
4870
8 18 3 19
3560
1 19 14 19
3630
12 17 4 6
3900
10 2 16 12
3310
2 4 19 3
4330
7 18 8 12
1790
9 14 4 5
3340
3 5 19 19
4360
16 0 16 17
3620
0 0 8 16
3840
8 9 18 18
3220
0 14 14 19
4040
0 9 7 13
950
17 11 6 2
3480
18 17 3 5
3360
6 9 8 16
3480
17 16 4 17
3860
20 8 19 9
270
15 3 8 8
3660
5 17 0 11
3470
7 1 1 16
660
0 7 19 8
4240
13 12 8 13
910
12 8 2 19
1370
3 1 14 9
2240
0 2 6 9
4210
14 5 13 10
4940
6 13 5 16
3790
15 2 3 20
3460
17 9 16 18
4310
12 10 6 19
3890
16 6 16 7
4670
8 6 20 12
4910
14 18 2 9
1290
15 13 1 9
3610
10 12 2 7
4780
16 20 9 16
4150
19 1 19 8
3460
6 14 7 13
2790
20 0 16 19
3520
20 2 14 12
950
8 0 10 9
3380
5 11 15 16
3880
10 8 12 15
4320
20 6 7 9
510
18 19 16 20
4340
11 9 12 11
4800
7 4 19 9
3440
16 19 18 17
2920
4 19 17 16
1360
9 9 8 4
4400
6 16 16 14
3490
4 7 10 15
4240
13 12 8 13
4330
0 17 18 5
4520
4 15 12 11
1320
16 17 7 7
3760
14 20 11 15
4460
15 20 1 10
3370
3 11 10 5
3660
8 16 17 13
3010
8 6 11 18
470
4 18 6 8
4860
5 11 10 20
3150
18 3 13 12
3210
13 11 18 16
2470
19 18 15 15
4670
13 12 1 10
650
9 15 2 0
3860
9 10 3 13
3390
8 19 3 12
3100
14 9 7 18
660
0 7 19 8
580
12 5 7 4
3970
10 13 18 8
3350
2 9 12 19
4870
2 12 5 16
3310
16 17 20 18
4890
12 20 0 10
4820
18 6 14 6
3510
4 2 4 17
3290
2 13 9 12
3390
8 0 7 20
4430
0 11 8 20
3970
10 13 18 8
90
5 3 2 15
510
18 19 16 20
4230
17 6 20 19
3250
18 1 19 18
3840
14 4 9 20
4340
11 9 12 11
4910
0 5 12 15
1820
16 1 17 5
3330
15 19 14 16
2210
8 13 10 14
3780
4 15 17 6
4950
1 8 7 18
1840
12 20 8 7
2890
15 10 0 15
660
8 16 16 16
4030
13 16 20 6
3570
12 1 16 18
3950
5 4 13 12
3120
19 4 6 15
4540
15 10 5 18
3600
9 10 4 7
4620
19 8 9 15
3550
12 19 20 11
340
6 5 4 0
560
4 6 13 14
4950
5 3 11 12
4190
4 6 10 16
3060
18 3 11 14
220
11 15 0 1
2830
20 5 10 16
3110
0 5 10 12
4210
16 7 2 10
240
4 12 15 10
2700
9 3 9 16
5000
15 4 19 19
3010
2 19 12 7
4210
20 15 9 11
3350
20 19 7 9
1480
15 19 13 5
3950
12 0 18 20
3440
4 5 10 17
1030
2 0 0 4
2780
6 6 17 14
4610
4 9 17 12
3170
3 17 8 20
4800
11 6 9 13
310
8 8 7 6
3270
5 19 13 15
4470
16 18 3 16
2510
11 16 20 19
3060
14 12 20 15
1530
8 12 6 6
3530
4 9 7 5
3790
19 0 4 19
1530
8 12 6 6
4380
20 7 10 7
4220
1 18 13 10
3220
19 8 20 7
3300
4 7 9 6
4200
15 3 16 6
4770
0 13 10 19
3680
2 14 0 20
3500
4 10 0 9
3600
3 13 5 20
4550
10 17 17 10
4700
4 4 9 11
4540
15 10 5 18
3360
0 8 6 15
4430
11 8 6 20
4570
19 6 7 16
4180
1 11 19 8
3230
20 13 4 17
4010
10 7 4 14
2730
1 8 10 10
4660
12 12 12 12
4130
6 0 16 8
4800
0 14 15 10
3990
6 18 10 12
3220
4 2 1 12
4980
6 6 14 7
4580
7 10 14 6
430
19 10 8 9
4930
11 5 19 12
3700
19 9 5 15
3200
17 18 0 16
2260
14 16 12 2
3400
6 2 5 16
3040
19 6 17 12
1430
14 8 2 19
4160
5 7 16 7
1850
7 8 7 12
4990
12 16 5 12
2050
15 15 18 12
4890
12 20 0 10
3220
1 18 1 14
4190
4 6 10 16
4680
3 17 19 9
4160
19 8 13 12
3120
19 4 6 15
4020
1 1 5 17
3390
16 2 20 5
3010
2 19 12 7
3100
14 9 7 18
3580
11 19 16 20
4100
14 15 9 20
4230
7 18 19 8
4860
13 19 9 6
4400
17 6 0 15
3880
10 8 12 15
4940
4 3 2 10
3350
2 1 14 11
1270
14 13 19 15
3220
1 18 1 14
2310
1 15 1 18
1620
19 2 7 20
2400
5 3 18 15
4400
17 6 0 15
700
14 12 19 12
1720
12 14 17 3
4570
19 19 16 17
4020
3 17 4 10
1410
11 6 20 16
3470
4 12 12 20
3470
9 19 6 7
4070
20 20 17 20
4940
4 3 2 10
4710
1 6 19 16
3780
19 15 18 14
4100
14 15 9 20
4990
12 16 5 12
4860
5 11 10 20
3370
16 2 14 11
4110
5 2 0 13
3630
17 12 0 17
1200
6 7 19 18
4140
12 18 7 14
4800
7 4 19 9
3950
16 9 16 13
4390
12 0 0 19
3500
15 7 8 12
2390
15 9 13 7
2300
0 7 16 19
4150
13 7 19 14
2050
15 15 18 12
2500
4 14 5 3
3530
8 17 20 17
4010
10 7 4 14
4070
8 1 2 13
3290
14 12 13 14
4700
4 4 9 11
4340
18 9 6 9
790
12 12 8 17
2410
7 7 13 20
1960
20 8 6 4
3550
7 6 8 17
3850
9 5 9 8
430
19 10 8 9
3580
11 19 16 20
3040
6 15 6 4
710
7 2 5 10
3590
5 10 20 8
3620
0 0 8 16
260
12 5 11 13
2630
8 1 20 9
4400
17 6 0 15
1430
14 8 2 19
3210
6 20 11 10
3330
15 19 14 16
3780
19 15 18 14
3470
17 7 11 16
3940
15 2 17 6
3220
16 17 1 7
320
13 7 9 0
3910
12 7 19 20
2500
11 13 10 6
2600
11 6 16 8
3450
11 12 7 8
3650
2 12 7 5
3560
13 7 8 6
3590
5 10 20 8
4600
15 12 18 12
4880
9 5 15 12
4960
8 6 11 17
4610
8 5 7 15
4490
6 7 12 10
3790
19 0 4 19
4430
15 5 1 10
4840
4 17 17 10
800
5 8 10 3
3660
7 9 1 11
4470
6 13 3 17
4070
8 1 2 13
4210
20 15 9 11
3480
3 1 6 8
3350
2 9 12 19
130
12 12 7 1
3580
1 17 4 9
3220
19 8 20 7
3480
18 17 15 4
4030
15 16 19 16
3110
8 13 10 13
3230
14 10 16 6
4720
20 20 12 12
4140
8 20 9 10
3520
2 10 15 14
3220
4 2 1 12
3620
20 15 19 13
2580
11 2 14 2
4780
3 0 13 18
3280
3 15 15 4
3830
14 18 8 8
980
10 2 6 4
3100
9 0 15 6
4420
17 16 10 6
3990
10 17 10 10
2860
2 0 12 12
4520
8 11 8 8
1910
6 13 4 2
3620
5 9 1 19
4020
3 17 4 10
210
3 4 14 9
3510
17 10 20 5
3740
10 4 18 18
3800
0 17 10 12
4780
12 5 11 11
570
0 2 14 17
4730
12 2 14 18
3660
5 17 0 11
4880
14 19 15 6
3130
5 16 2 11
580
17 16 11 15
4200
11 2 13 11
3470
9 19 6 7
600
12 10 6 20
3660
5 17 0 11
3890
3 14 17 19
3100
2 19 4 15
3120
9 10 11 20
4800
0 14 15 10
3480
18 17 3 5
3490
0 4 3 15
3210
1 3 8 8
3520
20 2 14 12
2680
11 20 18 1
1030
5 1 9 5
3940
17 18 5 12
3860
15 12 10 15
4450
5 10 16 13
4420
0 15 10 12
4310
6 8 17 18
3030
14 14 11 14
2590
16 9 19 5
4360
2 2 0 15
2250
1 8 13 11
3280
1 2 20 15
3320
15 14 20 16
4870
4 19 6 8
4860
10 3 13 18
2070
11 5 4 15
3440
7 10 15 15
3680
2 14 0 20
4600
13 10 18 17
70
12 8 9 14
1920
11 5 11 3
2390
15 9 13 7
3030
6 5 8 14
4870
5 15 17 7
4570
19 6 7 16
3680
3 3 15 6
3790
17 20 12 12
4730
6 2 17 19
4650
16 14 13 20
4860
5 11 10 20
4140
8 20 9 10
4190
7 6 16 14
2860
8 8 5 8
4520
18 15 4 19
490
2 9 13 9
4010
10 1 15 14
4420
17 16 10 6
1350
4 17 6 0
2500
11 13 10 6
4310
12 10 6 19
910
12 8 2 19
3210
6 20 11 10
510
3 7 0 19
4730
15 5 0 20
3090
10 9 4 13
4970
4 16 6 15
3390
18 13 4 7
4820
20 18 17 7
3680
7 19 15 4
1850
0 17 19 18
4600
1 4 19 8
3030
14 14 11 14
4800
14 11 7 7
4120
20 4 1 17
3490
0 4 3 15
3300
4 7 9 6
3200
2 20 0 11
110
2 19 12 17
3740
10 4 18 18
4500
10 16 3 14
3700
16 15 0 20
3400
1 1 9 13
4310
6 8 17 18
3990
6 18 10 12
3100
9 0 15 6
560
4 6 13 14
3420
5 15 12 18
1160
2 4 5 7
3090
1 19 20 5
4890
15 11 1 14
3560
10 16 14 3
3680
3 3 15 6
1840
12 20 8 7
4000
20 16 4 6
3480
18 17 3 5
4890
12 20 0 10
4210
16 16 5 16
1910
11 15 18 3
4740
17 4 9 13
2500
11 13 10 6
4210
14 5 13 10
4360
2 2 0 15
3120
19 4 6 15
4800
11 6 9 13
4780
3 0 13 18
3510
3 1 10 20
4880
9 5 15 12
3900
10 2 16 12
3740
13 1 0 9
70
12 8 9 14
2280
6 0 8 3
840
17 5 20 10
3530
8 17 20 17
3980
5 7 10 14
3580
20 11 9 18
3400
17 19 0 15
4690
17 8 2 13
990
6 6 4 5
3530
12 1 20 17
3850
5 3 13 7
5000
20 20 20 20
5000
20 19 20 20
1980
5 16 5 10
5000
1 0 0 10
2500
4 14 5 3
1490
16 15 19 17
2560
17 13 4 3
4220
18 14 4 19
3120
3 2 8 16
2460
4 3 3 4
10
20 20 20 20
10
0 0 0 1
10
0 0 1 0
790
12 12 8 17
4320
20 6 7 9
3290
14 12 13 14
1030
2 0 0 4
1070
2 3 0 4
720
19 7 1 8
3490
4 7 10 15
2260
14 12 3 4
0
