1640
15 13 12 20
2350
11 19 14 8
3190
10 19 6 6
230
2 9 17 19
4270
15 7 7 14
3450
9 19 20 2
410
7 16 7 19
3460
8 2 14 10
2430
11 15 12 19
4680
16 19 7 13
1660
5 9 3 13
3930
16 6 8 17
3760
3 11 3 19
4100
11 0 1 10
620
18 15 6 0
4890
1 19 15 15
620
12 19 4 9
3450
17 5 4 15
3500
1 16 14 17
3420
12 10 5 5
1520
17 3 3 17
3450
17 5 4 15
2310
19 16 7 6
1010
15 15 4 4
3680
9 4 9 6
150
6 4 16 19
2590
14 7 9 5
730
15 1 16 13
1280
20 14 4 1
4340
15 10 14 16
3040
11 3 19 5
1120
7 11 3 7
3710
16 19 12 18
4100
0 10 5 15
3750
16 19 14 20
4920
1 3 4 13
4730
18 14 20 16
4230
8 14 9 16
1020
7 20 20 0
2150
6 17 7 4
3670
1 13 7 8
3500
9 11 3 12
4050
16 8 4 7
720
17 13 20 2
4180
8 0 1 16
2370
3 19 14 2
3040
10 16 16 6
4470
4 0 13 14
1530
0 6 12 6
3370
14 9 7 15
3610
8 13 1 14
3840
8 14 2 14
1700
5 0 1 16
1070
5 1 6 4
10
20 20 20 20
3230
15 16 12 18
4040
0 1 8 19
4160
2 12 14 19
3110
17 13 9 4
3940
11 18 10 12
620
7 3 3 19
920
0 7 19 2
2580
5 9 18 3
4940
6 16 4 8
220
20 18 11 15
4010
1 13 10 13
4530
20 5 6 15
1050
13 3 17 11
4640
9 16 5 11
3780
10 18 9 10
2520
2 16 20 7
3170
10 1 1 14
3950
6 10 9 8
3250
13 12 11 3
4770
1 6 11 9
3140
13 10 11 16
4490
12 3 20 17
1540
15 2 16 0
4380
8 18 19 19
560
1 13 11 8
4110
2 7 1 12
2590
7 20 6 3
2670
20 19 14 12
1290
19 13 1 5
4540
18 0 13 20
3820
8 6 9 6
2660
9 4 10 18
4740
20 14 20 17
650
15 0 20 12
4580
6 0 19 12
470
8 2 8 9
3560
2 2 10 15
3260
0 13 5 14
1610
7 3 14 2
820
7 3 4 13
2870
11 10 0 5
4260
19 6 17 19
2680
16 4 8 9
3990
3 10 20 5
900
11 7 6 5
3860
14 14 14 20
2030
6 12 4 2
10
0 0 0 1
2580
9 0 7 19
4350
16 4 0 15
4030
8 18 18 18
830
19 12 17 7
2690
4 4 7 9
4440
11 9 12 12
3050
13 9 11 9
4090
12 11 13 11
800
7 1 3 3
270
11 13 20 17
4590
10 5 13 12
2900
16 3 19 16
3850
10 13 9 9
4730
15 2 14 18
1640
18 9 17 14
3980
5 4 3 20
690
6 0 18 13
3560
19 7 2 12
790
13 12 10 5
4110
4 6 1 8
4050
10 5 9 17
3470
16 6 4 11
2720
19 15 15 13
2710
15 16 5 4
3460
8 2 14 10
1550
13 13 11 19
3050
1 3 4 6
4520
7 0 6 15
3030
17 15 15 9
3470
11 16 0 20
4990
10 7 6 17
2870
3 15 14 9
3420
20 16 2 11
4500
17 7 14 8
690
18 7 5 19
3640
8 15 7 20
2440
2 1 12 7
330
18 8 7 0
1620
0 9 7 9
3370
15 10 6 19
4710
6 20 12 16
4860
19 0 14 15
2020
13 5 11 8
1220
20 14 16 4
440
5 1 10 8
3980
18 2 15 17
3960
6 16 15 19
1750
1 10 5 5
2830
18 15 0 6
620
18 5 8 2
440
1 3 15 10
3850
2 4 2 19
4240
13 20 20 13
1870
8 16 12 7
3390
14 19 9 7
4660
4 20 7 13
850
19 16 5 3
2660
15 12 18 5
4050
10 5 9 17
3520
15 6 1 19
2530
20 15 4 3
1610
7 9 15 5
3930
11 4 14 7
320
12 6 17 12
4860
16 12 11 15
3480
17 12 8 20
620
18 5 8 2
4230
20 15 0 20
4240
18 0 11 16
4500
10 4 11 12
2520
2 16 20 7
1410
14 6 7 18
1290
4 19 3 8
3560
19 7 2 12
4420
7 9 2 9
2020
13 5 11 8
1340
0 1 13 0
1310
6 3 20 19
560
12 5 2 3
4050
17 16 18 17
3100
19 5 10 11
4990
10 7 6 17
400
7 3 19 19
4770
12 15 11 19
1440
20 1 16 19
10
9 16 1 0
4490
19 20 19 12
2720
5 7 18 14
1650
12 16 2 2
4800
8 16 16 16
2640
12 12 17 5
4910
15 5 11 17
3450
0 20 0 7
3810
16 2 2 20
3290
15 12 4 14
1340
11 6 10 1
4960
10 15 8 18
820
6 17 4 14
4150
6 11 17 11
3740
7 9 19 5
1570
3 10 5 12
3720
13 13 19 16
1750
19 7 2 13
3900
4 4 12 7
2770
20 20 16 17
4560
20 20 15 10
4940
11 4 14 17
1850
9 20 9 11
2450
6 18 5 18
4130
0 14 20 3
3630
9 13 18 7
4960
11 8 11 7
350
10 9 16 15
2000
7 3 7 13
1150
9 13 16 4
3770
13 7 10 10
4330
11 4 16 11
3220
14 12 10 4
4310
16 12 10 10
4990
5 10 4 19
3350
20 4 10 19
4660
20 2 10 19
3170
0 10 15 16
4170
6 16 5 17
310
15 12 10 5
2710
15 16 5 4
3880
19 15 9 19
4260
19 6 17 19
3810
11 18 7 7
3300
10 15 20 2
3480
7 19 13 12
1620
7 2 6 10
110
14 1 7 17
1240
8 3 11 3
690
8 10 6 8
1950
2 15 7 7
600
16 6 18 7
760
9 13 2 15
1110
1 14 9 12
4990
9 11 12 18
1650
17 19 3 6
1830
12 2 11 2
3100
6 14 2 9
1120
15 8 16 0
1060
6 14 9 11
2500
20 18 19 19
420
16 16 9 4
700
20 9 5 19
4330
11 4 16 11
3790
20 18 8 13
210
14 19 2 13
100
10 5 15 13
3060
19 16 4 4
1360
7 0 14 18
4770
3 5 16 18
3380
18 1 6 12
3560
19 7 2 12
3100
19 5 10 11
1420
7 3 1 14
4420
7 9 2 9
300
1 5 6 5
4860
20 18 8 20
210
14 19 2 13
1790
6 1 15 19
1310
6 3 20 19
4120
16 8 0 12
4660
15 0 9 13
480
10 11 12 0
4790
16 17 18 4
4990
4 17 6 17
4810
20 14 19 5
1790
1 13 9 17
4190
16 9 15 17
5000
1 0 0 10
610
5 1 6 0
1650
17 19 3 6
3830
8 7 19 19
5000
5 10 16 10
3040
7 11 4 17
3800
18 12 18 11
2800
20 19 8 18
4330
10 6 17 14
2720
19 15 15 13
2070
11 19 10 17
880
20 17 10 12
4310
13 12 4 15
2090
16 9 12 16
1440
9 20 7 11
3020
20 7 20 10
1120
15 8 16 0
1630
3 4 9 9
3440
8 3 8 16
4660
17 7 20 6
5000
0 2 0 10
1960
7 15 8 20
3470
8 5 1 13
4040
0 1 8 19
640
3 20 17 6
2460
4 6 2 5
3240
3 18 12 20
4750
20 18 8 16
1820
8 11 1 5
2280
17 2 20 15
1640
15 1 19 0
1320
18 11 13 17
4600
19 2 3 12
3870
9 6 2 13
4680
10 0 3 10
810
6 1 13 19
3250
19 11 18 2
1240
8 3 11 3
4630
18 3 8 13
3390
1 19 17 13
470
8 2 8 9
3180
0 3 6 13
3080
14 16 9 13
160
14 18 13 6
2070
11 19 10 17
4250
17 5 16 8
1390
8 3 8 20
3070
15 8 8 4
3160
10 3 18 18
1980
1 11 7 9
3350
12 7 18 3
1320
12 13 11 1
4550
14 11 4 11
1540
19 13 7 11
620
1 14 1 0
760
3 15 15 14
3580
18 10 20 3
3720
0 7 5 13
970
12 13 16 3
720
11 20 20 14
2760
15 4 3 9
2220
20 1 19 11
3660
18 1 18 9
2290
17 19 4 2
4650
7 16 7 13
5000
5 10 16 10
4010
12 13 2 9
1300
8 0 17 10
1440
4 12 8 19
910
9 8 5 7
2230
12 7 3 15
80
1 13 8 11
4320
6 11 7 18
2780
19 12 4 19
1120
20 6 7 5
3770
8 7 13 9
3760
6 6 14 5
1960
7 15 8 20
4970
14 14 14 8
660
5 15 4 5
1630
4 4 7 19
3500
16 9 15 7
4610
11 4 15 20
590
7 3 3 13
3370
15 20 9 3
3800
4 4 10 18
1920
9 19 16 12
770
2 1 0 6
2500
0 6 12 6
3520
5 9 20 15
3570
17 9 0 10
3840
1 16 20 13
1600
19 11 5 3
4740
6 15 17 16
4060
2 0 7 11
2720
10 10 9 10
1350
17 20 20 17
3720
0 8 14 20
2910
11 4 6 13
3290
9 8 7 14
4420
4 18 8 14
3590
8 0 1 11
770
20 8 2 8
2520
2 16 20 7
2770
3 20 15 15
3430
14 4 13 13
230
8 6 2 0
3060
18 16 19 18
3730
15 5 16 9
4240
20 14 9 18
1150
2 19 13 17
3910
1 20 7 7
1910
10 11 3 2
3270
18 10 4 10
3380
6 5 17 8
4660
17 7 20 6
2760
16 3 17 14
2490
11 17 17 4
3530
20 10 15 18
4010
16 2 5 13
280
17 17 11 15
3480
17 12 8 20
3570
10 8 0 10
1110
1 14 9 12
4830
16 2 15 12
3930
11 13 6 7
3060
17 3 18 2
4320
10 13 13 11
2000
7 3 7 13
4330
11 4 16 11
1050
8 19 8 8
1030
14 13 9 19
3320
11 19 16 15
2730
11 19 12 15
1850
9 20 9 11
3770
0 16 5 11
1810
18 17 2 16
3780
7 19 2 8
4140
0 2 11 10
720
17 13 20 2
4320
19 5 15 16
1560
2 17 6 8
4600
6 6 15 20
970
3 16 0 6
780
17 2 20 14
2830
2 17 4 5
610
17 1 18 14
3110
18 16 8 16
150
13 15 0 6
1000
4 8 12 1
4150
18 17 14 8
4510
15 10 5 16
3650
2 0 17 5
3650
4 11 10 12
2320
16 6 15 16
1850
10 9 2 8
4320
0 3 17 11
1250
8 10 19 3
4750
4 16 6 11
4040
15 16 19 4
3520
15 6 1 19
4940
5 6 12 16
4460
20 13 16 18
200
17 0 18 13
920
0 7 19 2
4310
15 0 5 20
2190
17 4 1 15
3920
7 9 5 13
1940
9 15 14 2
4960
17 7 9 9
1750
10 4 12 7
2920
4 1 17 10
4070
20 11 4 10
940
14 14 5 0
4580
2 13 16 8
1520
17 3 3 17
1150
14 1 13 3
3570
17 9 0 10
1830
14 5 18 10
560
6 15 9 16
2920
4 1 17 10
850
5 2 11 14
500
11 10 3 10
1070
5 1 6 4
3330
16 16 8 19
4360
6 5 12 19
3340
11 0 13 8
3780
1 20 17 5
4090
18 15 10 14
2640
12 12 17 5
4000
16 7 14 13
360
19 6 15 1
3340
4 13 15 17
440
16 10 16 11
3490
0 6 7 11
4490
13 17 8 16
2190
17 4 1 15
1340
13 8 5 8
3030
2 0 18 7
4170
3 8 17 9
4890
1 19 15 15
1220
20 14 16 4
4960
12 5 20 13
3120
5 8 19 12
1550
3 10 13 9
2880
11 18 7 10
4620
16 20 12 14
3610
10 3 12 19
230
11 6 12 20
390
7 4 9 20
3790
20 19 9 20
4080
2 7 19 17
1100
4 19 19 3
3040
6 6 10 4
3810
14 9 17 7
400
7 3 19 19
3310
15 6 17 4
1910
10 11 3 2
3500
17 10 4 10
1830
14 5 18 10
4370
18 17 5 19
3510
7 5 12 5
2940
2 19 17 5
4530
0 19 10 13
4260
1 18 4 20
280
3 20 1 14
2370
3 19 14 2
3320
14 8 5 19
1380
9 19 11 2
3360
16 18 9 11
3700
8 17 16 11
2490
14 9 10 15
560
1 13 11 8
2490
4 10 4 4
4680
7 12 10 18
850
14 9 19 8
3390
0 2 16 9
3420
20 9 20 18
4310
16 12 10 10
2160
4 5 10 19
1330
4 0 7 3
360
14 12 6 5
1720
17 19 18 5
3190
10 19 6 6
2690
12 14 18 11
690
8 10 6 8
790
10 3 8 4
3270
10 13 11 14
2280
20 11 6 7
2820
1 3 16 7
3350
12 7 18 3
1050
13 3 17 11
830
16 10 15 6
2580
5 9 18 3
3580
18 10 20 3
4700
16 12 18 16
1130
10 19 2 14
2090
4 10 5 5
2770
3 20 15 15
620
13 9 16 5
3390
6 12 2 20
4030
12 15 8 11
1820
15 12 8 17
2690
4 4 7 9
800
1 0 20 14
4200
13 14 17 14
1070
7 6 12 7
3790
6 18 5 15
3930
11 4 14 7
4170
3 14 19 8
1820
12 5 11 6
2550
13 12 9 5
4200
14 15 20 7
2920
3 11 1 18
1420
18 6 11 20
800
8 19 12 0
3940
13 8 3 10
4700
14 17 14 15
4170
3 14 19 8
1550
6 7 0 8
3130
5 17 8 17
1060
0 14 4 5
3770
8 7 13 9
3810
16 11 10 16
1980
17 5 1 13
2900
2 11 19 16
200
17 0 18 13
3770
20 13 8 12
3140
4 19 12 19
810
16 20 15 18
4860
5 17 19 15
300
1 5 6 5
4790
2 16 8 18
3650
14 17 5 17
4100
11 0 1 10
3600
14 1 18 8
1200
16 8 0 13
3320
11 19 16 15
1120
13 14 10 18
730
4 13 1 2
4150
14 13 16 16
3470
15 8 16 11
3220
6 5 0 16
3710
6 0 4 10
30
5 9 18 17
4940
20 9 13 7
2580
9 0 7 19
3650
1 18 7 14
360
2 17 12 13
1750
19 7 2 13
1910
10 11 3 2
3590
0 0 1 9
3190
1 12 0 20
610
5 1 6 0
1310
6 3 20 19
4820
16 6 6 15
1060
6 14 9 11
270
11 13 20 17
70
11 6 2 2
4930
15 4 16 16
1280
13 17 2 2
5000
15 7 10 17
970
12 13 16 3
4600
9 19 14 11
4660
17 7 20 6
4120
20 9 11 10
1560
15 19 20 14
3510
8 11 6 14
1400
7 5 10 2
1470
0 9 15 1
2500
16 17 19 5
2800
0 15 12 12
3540
10 13 19 16
760
9 20 3 11
1990
7 8 3 20
4480
18 19 6 7
3450
14 13 19 3
4960
8 11 4 9
1220
3 14 7 8
2900
14 1 11 6
830
16 10 15 6
1240
8 3 11 3
4990
10 7 6 17
4540
16 9 19 13
3370
15 4 16 18
310
11 2 19 19
3100
8 4 7 15
660
5 15 4 5
720
0 0 7 2
4680
7 12 10 18
530
3 14 6 6
540
13 0 11 16
4820
2 17 2 13
1700
5 0 1 16
3880
17 16 17 6
340
3 2 9 8
3940
11 18 10 12
2920
3 13 17 11
2180
20 13 8 17
1340
17 14 19 13
4670
6 18 10 19
4770
4 5 3 17
3630
12 16 19 6
720
8 5 1 14
1970
17 9 11 7
3790
20 18 8 13
2780
19 12 4 19
3320
14 14 20 11
1990
5 12 20 11
610
17 1 18 14
1620
6 14 13 16
3620
20 18 14 15
3140
4 10 11 20
4920
17 0 12 9
2590
14 7 9 5
1020
18 3 0 17
3750
17 10 17 19
2660
9 4 10 18
1700
20 4 0 16
2610
9 14 16 7
4150
17 12 0 9
2430
9 16 19 3
180
2 13 13 15
3290
20 10 8 9
4820
2 17 2 13
4500
20 11 10 12
3940
6 0 20 13
3440
0 7 6 16
3390
1 19 17 13
2570
1 12 1 5
1060
0 19 18 14
4110
7 17 3 15
3560
2 20 18 11
3580
15 9 13 16
2900
2 11 19 16
2300
10 19 17 4
4730
15 2 14 18
2220
10 16 7 5
2110
3 19 12 6
930
16 0 20 10
2220
8 17 1 4
4390
0 10 18 6
460
13 12 9 8
440
1 3 15 10
4580
2 13 16 8
4110
2 9 7 8
3380
8 5 16 7
1060
20 16 11 1
4940
6 16 4 8
4490
12 14 14 13
4310
20 20 20 8
460
5 3 6 1
3310
16 17 11 10
4290
14 20 14 19
2700
12 6 12 10
4140
7 14 17 10
3270
1 2 3 16
1190
12 9 19 9
1540
19 13 7 11
4180
4 19 17 12
1190
12 9 19 9
250
11 6 3 6
1000
17 11 3 3
3400
3 18 19 9
4450
1 5 10 12
4940
5 6 12 16
4290
14 7 9 20
4070
12 7 0 20
2430
9 16 19 3
4520
7 0 6 15
1480
15 18 3 8
1930
11 18 3 14
4170
17 5 0 12
3950
20 16 11 7
2670
2 18 19 17
780
17 2 20 14
1810
18 17 2 16
1950
2 6 10 7
3700
8 9 16 13
4460
13 0 16 19
3420
3 2 9 15
3440
7 11 9 19
2520
10 19 20 12
3790
4 20 13 5
810
16 20 15 18
460
3 15 13 11
2040
17 10 11 19
4650
9 6 20 19
1010
4 14 13 10
3110
17 13 9 4
3210
20 0 12 10
1380
6 3 15 10
3760
4 12 0 14
1350
17 20 20 17
4100
8 11 18 13
500
7 1 15 19
4320
7 8 12 20
1620
1 10 7 13
2440
2 1 12 7
4580
16 15 6 17
4200
0 17 11 13
1070
5 14 6 7
1340
13 8 5 8
4650
10 6 6 13
4180
11 0 16 9
4320
15 18 13 4
2440
8 16 12 15
380
7 7 20 9
4050
17 16 18 17
2220
20 11 7 20
3230
6 9 10 14
1930
11 18 3 14
860
8 20 5 4
3050
16 10 16 2
1440
20 1 16 19
4640
11 13 7 7
2720
19 15 15 13
3860
5 16 3 11
4340
4 7 5 17
3500
3 3 12 13
4450
1 5 10 12
4180
1 5 3 12
1230
1 5 20 14
2140
2 0 17 10
2070
2 5 2 5
4440
3 11 16 18
2390
2 14 3 20
4500
17 7 14 8
620
13 9 16 5
2230
12 7 3 15
2180
20 13 8 17
2440
15 14 14 13
4110
2 9 7 8
4550
3 19 10 6
3180
18 17 3 18
3470
11 10 10 15
3740
7 9 19 5
3240
12 7 2 7
1020
14 9 1 1
3630
9 13 18 7
3750
17 10 17 19
2310
1 7 6 15
200
0 4 11 8
3470
1 1 5 12
4810
6 4 6 8
1700
17 11 11 17
4310
13 12 4 15
1000
4 8 12 1
4340
12 16 13 18
3970
3 16 7 6
2900
14 1 11 6
1200
20 17 10 14
3270
12 10 12 7
900
12 7 19 20
2790
4 11 8 15
4300
12 9 13 12
1920
9 19 16 12
3550
10 9 4 14
2920
3 13 17 11
4000
12 1 9 15
1790
6 1 15 19
1540
2 5 4 9
1360
7 0 14 18
1060
6 14 9 11
3610
17 8 12 18
910
9 8 5 7
3160
10 3 18 18
2160
15 19 3 13
3290
13 8 0 11
4810
20 14 19 5
4460
4 12 1 17
570
0 19 16 12
1770
2 7 7 15
760
9 8 2 11
520
4 1 10 13
3170
13 13 20 5
3890
19 7 15 7
2150
6 17 7 4
2310
1 7 6 15
4330
1 18 5 15
1120
7 11 3 7
3600
3 1 9 9
3260
5 4 9 7
1230
1 5 20 14
4420
8 16 13 17
3680
13 4 2 7
1980
11 16 16 13
3190
10 19 6 6
4620
5 1 20 16
4610
12 11 12 17
4370
18 17 5 19
3040
11 11 20 20
2320
16 6 15 16
3610
3 17 7 11
3800
19 5 1 11
4140
3 12 4 18
4590
15 6 8 15
2050
0 10 6 19
2050
3 10 17 15
2440
18 18 20 16
4780
18 14 12 6
310
15 12 10 5
2480
0 0 14 13
1810
6 6 16 1
3650
19 3 18 4
1640
15 13 12 20
4340
18 0 5 13
4080
2 7 19 17
360
19 6 15 1
4540
18 13 6 10
2240
1 11 15 7
3400
16 11 12 16
1880
18 15 20 3
2360
8 20 15 2
550
13 11 5 4
1990
6 16 4 9
2770
20 20 16 17
1320
18 11 13 17
2320
20 14 10 11
3920
8 19 0 20
3110
17 13 9 4
800
8 19 12 0
4620
4 7 12 19
4930
2 0 3 18
3570
4 13 1 11
1880
18 15 20 3
450
14 12 19 15
530
3 14 6 6
1910
10 11 3 2
3140
4 19 12 19
4380
13 4 17 12
4450
18 14 14 14
4830
16 12 2 15
3730
15 5 16 9
3730
15 5 8 18
4790
8 11 8 13
4060
2 0 7 11
5000
15 7 10 17
1720
17 19 18 5
4810
9 5 8 12
4030
4 17 4 15
3760
3 11 3 19
4340
13 8 6 17
1250
8 10 19 3
3110
18 0 6 7
4890
4 20 2 16
2160
4 5 10 19
2830
15 15 8 19
1830
14 5 18 10
4920
17 0 12 9
3750
17 10 17 19
2220
8 17 1 4
760
12 15 12 10
4670
2 0 14 20
4060
1 4 0 14
3510
8 11 6 14
3500
3 20 10 9
3960
6 16 15 19
3620
15 13 8 19
1280
13 17 2 2
230
2 9 17 19
4940
15 11 9 13
4540
16 9 19 13
340
7 1 3 18
3760
10 9 9 6
530
3 14 6 6
3080
17 16 18 16
1860
1 2 16 5
3100
5 7 2 17
3880
6 8 13 5
3330
12 13 12 3
2480
5 14 11 6
4440
6 12 9 15
2750
18 4 4 8
3230
8 19 19 14
3860
6 0 15 16
3350
14 8 15 19
4620
16 20 12 14
2870
11 10 0 5
4970
6 17 10 18
3290
13 8 0 11
2930
7 20 0 13
230
11 6 12 20
4210
14 0 11 17
620
18 15 6 0
2490
11 17 17 4
460
3 15 13 11
1510
17 18 20 20
3060
19 2 9 7
1600
14 13 16 7
3180
18 17 3 18
3790
11 20 15 5
590
7 3 3 13
4520
17 7 2 15
2390
2 14 3 20
3380
15 4 17 16
3540
10 13 19 16
620
7 3 3 19
1850
7 7 18 17
280
17 16 6 9
3810
18 17 16 8
3670
14 20 15 19
3490
13 3 20 11
3930
11 4 14 7
3450
15 5 3 16
4730
5 10 1 19
4470
4 13 16 18
3120
5 8 19 12
3720
13 13 19 16
2220
20 11 7 20
1900
1 18 14 13
820
6 17 4 14
4220
16 17 1 20
4290
2 19 4 12
1870
8 16 12 7
1670
1 1 7 9
3950
20 16 11 7
3850
0 5 14 7
1520
4 8 0 14
4450
18 14 14 14
3640
6 15 15 11
4460
3 20 6 7
1610
7 3 14 2
1120
13 14 10 18
4520
17 13 13 20
1330
4 0 7 3
1330
4 0 7 3
2370
20 2 20 7
3070
7 5 5 6
4530
13 7 7 15
4450
6 20 19 3
4170
19 0 20 17
820
17 13 12 9
3790
11 20 15 5
3030
15 11 8 14
340
7 1 3 18
3990
12 11 17 5
4440
14 3 9 9
1440
4 12 8 19
3910
8 17 8 15
1070
5 1 6 4
2300
10 19 17 4
4380
8 18 19 19
2120
19 0 5 3
4290
14 7 9 20
4250
4 12 11 14
4810
12 9 6 9
1580
1 17 12 12
2460
6 6 5 14
1230
1 5 20 14
2280
18 1 12 9
3720
13 13 19 16
4150
3 15 18 18
4710
7 20 17 18
280
17 17 11 15
3650
4 11 10 12
4380
9 0 16 11
4350
4 15 8 8
1950
2 6 10 7
3670
19 7 18 17
3180
8 13 8 7
3020
5 14 4 7
2570
1 12 1 5
4030
13 0 9 16
3920
9 4 6 8
4230
16 11 6 20
4290
18 0 13 20
4150
3 15 18 18
2160
15 19 3 13
4230
10 17 13 9
4680
4 16 5 15
3260
16 17 9 7
3480
4 13 5 10
4090
3 0 1 11
4000
16 7 14 13
4340
18 0 5 13
4960
8 11 4 9
4960
0 4 8 16
3320
11 19 16 15
2530
16 13 15 20
4520
7 0 6 15
4310
12 0 15 9
3260
5 4 9 7
4500
11 10 10 10
3270
10 13 11 14
3110
18 0 6 7
2660
9 4 10 18
4530
18 2 16 20
2390
2 14 3 20
4450
18 3 11 12
3870
5 16 14 10
4170
19 0 20 17
4770
3 16 15 20
4770
3 16 15 20
1520
17 3 3 17
2690
4 4 7 9
3270
9 5 1 13
3780
13 2 17 11
4180
1 5 3 12
3850
6 6 12 9
3360
17 10 10 4
4960
0 4 8 16
3770
20 13 8 12
4420
8 16 13 17
3030
15 11 8 14
4980
16 2 8 15
4780
18 14 12 6
4580
4 3 6 14
3150
0 11 15 18
3620
3 16 2 16
3180
18 17 3 18
1530
0 6 12 6
3080
6 11 1 10
3750
16 19 14 20
3890
10 18 20 12
2320
19 0 11 8
3970
19 8 6 15
3830
0 1 11 10
4110
2 9 7 8
3920
20 7 11 15
1480
1 16 17 0
3060
9 17 15 14
4780
6 10 10 8
1360
7 0 14 18
760
5 11 4 10
4460
6 8 20 19
3790
2 2 17 7
1900
1 18 14 13
4080
16 15 19 14
3940
11 18 10 12
830
16 10 15 6
3300
5 11 9 7
1480
1 16 17 0
3760
14 7 15 7
2530
16 13 15 20
1280
13 17 2 2
230
11 6 12 20
4010
12 13 2 9
3480
8 6 16 19
3860
10 19 6 20
3290
13 8 0 11
1060
0 19 18 14
4490
13 17 8 16
4610
12 11 12 17
2440
8 16 12 15
4320
6 11 7 18
3650
19 3 18 4
3910
0 11 10 13
440
1 3 15 10
3670
20 11 19 9
3170
18 12 11 18
4170
20 1 7 18
3970
9 18 13 7
3260
5 20 3 14
460
5 3 6 1
1360
7 0 14 18
470
18 8 18 1
4440
15 10 18 13
3320
14 14 20 11
1360
9 4 8 2
1120
20 6 7 5
4290
14 20 14 19
4910
15 5 11 17
3250
19 11 18 2
4930
10 1 14 9
2040
17 10 11 19
4910
15 5 11 17
380
7 7 20 9
1710
9 12 16 0
4440
15 10 18 13
4230
8 14 9 16
4130
0 15 7 14
4380
9 0 16 11
4220
16 17 1 20
4760
17 5 12 12
3840
9 0 19 11
2940
16 0 13 12
4040
15 16 19 4
3800
18 12 18 11
10
2 0 0 0
1650
17 19 3 6
3810
1 8 4 19
4230
12 6 14 6
4590
15 6 8 15
2160
4 5 10 19
2430
9 16 19 3
4110
17 0 2 16
4350
6 1 8 15
900
12 7 19 20
130
18 3 7 2
4340
13 8 6 17
1010
15 15 4 4
4650
7 16 7 13
4540
18 13 6 10
4020
17 5 6 16
1540
2 5 4 9
3250
20 15 12 12
3730
10 0 18 13
3850
10 13 9 9
3900
8 2 13 14
3580
1 12 20 14
1340
13 8 5 8
4330
17 11 10 14
4240
5 17 8 18
3300
10 15 20 2
10
8 13 14 13
4170
12 5 10 11
3510
3 20 9 9
4450
11 19 10 18
4170
3 8 17 9
640
3 20 17 6
4130
16 16 14 9
3640
6 15 15 11
3130
16 20 5 15
1010
4 14 13 10
3100
8 4 7 15
4310
15 0 5 20
3190
6 18 18 4
4520
17 7 2 15
3080
14 7 3 20
3150
1 15 1 8
3760
3 11 3 19
4960
17 7 9 9
4570
12 2 15 18
4770
16 9 5 9
3920
3 14 17 20
4210
14 0 11 17
3980
1 15 15 16
4850
0 11 13 9
3920
8 19 0 20
4820
16 6 6 15
560
12 5 2 3
3990
3 10 20 5
4200
13 14 17 14
4100
14 15 7 18
3410
3 11 13 19
3650
15 19 7 17
4650
10 6 6 13
1820
15 12 8 17
3800
14 17 16 16
4740
6 15 17 16
3080
14 7 3 20
3140
11 11 9 19
800
1 0 20 14
3940
18 2 12 13
4060
9 14 17 18
3720
0 8 14 20
4620
15 15 5 20
4390
16 3 13 17
4050
15 16 16 16
4080
2 7 19 17
3790
4 20 13 5
3210
20 0 12 10
820
10 6 7 13
4180
11 0 16 9
3820
10 2 6 16
4620
15 15 5 20
4020
17 5 6 16
2060
3 0 11 14
3240
3 18 12 20
3010
8 19 8 10
3100
19 5 10 11
3480
7 19 13 12
3020
6 20 10 8
3650
15 19 7 17
1490
14 3 15 14
4390
6 0 6 9
3080
6 11 1 10
3800
14 17 16 16
4150
3 15 18 18
3380
15 4 17 16
4440
1 1 7 9
1410
14 6 7 18
1500
10 0 6 6
3310
16 17 11 10
4680
16 19 7 13
4880
15 17 10 13
2320
16 6 15 16
3470
15 8 16 11
4700
0 20 2 17
1320
12 13 11 1
3590
8 0 1 11
3420
12 10 5 5
1280
13 17 2 2
3840
8 14 2 14
3370
15 4 16 18
4210
9 19 0 7
3530
14 3 9 7
1280
13 17 2 2
2220
8 17 1 4
2090
11 0 11 18
4180
20 18 14 16
3900
9 10 9 16
2610
9 14 16 7
4910
14 14 18 16
4300
14 16 1 14
3450
6 20 17 5
2120
19 0 5 3
3790
12 3 15 11
1700
17 11 11 17
1820
15 12 8 17
3320
18 2 8 17
4550
3 19 10 6
2280
20 11 6 7
3110
18 0 6 7
3810
1 8 4 19
4790
8 11 8 13
1360
7 0 14 18
3470
11 16 0 20
3760
17 9 1 7
3980
1 15 15 16
3280
2 1 4 8
4400
14 9 3 17
3120
8 15 18 20
4120
0 4 3 11
4370
2 15 7 15
3500
3 20 10 9
4630
18 3 8 13
3250
20 15 12 12
3650
14 17 5 17
3340
4 13 15 17
3030
15 11 8 14
4380
5 10 6 14
2940
16 0 13 12
4130
17 1 13 15
1130
10 19 2 14
4710
7 20 17 18
3690
14 5 5 8
3050
16 10 16 2
1390
19 8 20 16
560
6 15 9 16
4200
0 17 11 13
3540
10 13 19 16
3830
10 8 4 18
4190
1 16 9 7
3140
4 10 11 20
4450
11 19 10 18
3060
7 12 4 12
1470
0 9 15 1
1470
0 9 15 1
4060
1 4 0 14
3780
7 19 2 8
4390
16 3 13 17
3770
6 13 7 12
4030
13 0 9 16
3420
14 14 8 16
4520
15 14 0 18
4080
2 13 9 20
2770
20 20 16 17
1760
18 10 14 10
990
12 3 6 18
3360
0 5 3 12
4600
9 19 14 11
3170
13 13 20 5
5000
2 3 12 11
4620
5 1 20 16
2460
4 6 2 5
4270
1 3 12 10
3010
6 2 17 3
4860
19 0 14 15
3290
9 8 7 14
2530
16 13 15 20
3340
0 19 5 18
4860
11 0 11 14
4670
8 11 5 13
3420
3 2 9 15
3150
1 15 1 8
3970
3 16 7 6
3140
17 2 13 18
4580
16 15 6 17
4090
3 0 1 11
3380
6 5 17 8
1930
11 18 3 14
4270
1 3 12 10
3520
5 9 20 15
3140
2 14 15 16
900
12 7 19 20
3650
3 8 1 16
2690
4 4 7 9
4110
1 15 12 10
3690
11 3 13 18
4460
17 14 0 17
3620
7 15 3 13
1620
6 14 13 16
3190
1 12 0 20
4330
17 11 10 14
3440
9 14 19 5
3200
19 13 1 18
4110
1 15 12 10
5000
0 0 5 10
4590
10 5 13 12
4990
11 14 20 5
4050
15 16 16 16
3130
10 3 15 9
2000
7 3 7 13
3320
14 17 7 17
3560
19 13 6 6
1850
7 7 18 17
3470
1 1 5 12
3300
5 11 9 7
4680
10 0 3 10
4320
6 11 7 18
3390
6 12 2 20
3060
9 17 15 14
3500
19 3 19 15
3770
6 13 7 12
250
11 14 16 15
4550
11 20 8 13
2220
20 11 7 20
4970
11 10 17 13
3310
17 10 14 4
4700
14 17 14 15
3040
7 16 11 9
4160
3 2 3 11
3670
20 11 19 9
3040
11 3 19 5
3240
20 11 19 18
4080
2 7 19 17
3900
4 4 12 7
4920
10 19 15 18
4990
4 17 6 17
1010
15 15 4 4
3200
9 14 10 19
3130
16 20 5 15
3110
17 13 9 4
3810
11 18 7 7
4370
18 17 5 19
4500
3 12 7 20
3090
6 9 9 6
3200
19 13 1 18
4220
20 18 15 8
4560
19 4 0 12
4770
4 5 3 17
4940
6 0 12 18
4080
16 15 19 14
3210
20 0 12 10
2060
7 8 19 0
340
5 5 15 15
3900
9 13 10 14
4110
7 17 3 15
1910
16 6 5 8
4970
3 3 4 12
4330
9 11 8 18
4040
13 6 2 16
4720
12 17 18 9
4670
6 18 10 19
3740
6 11 2 11
3930
11 8 11 20
800
1 0 20 14
4180
1 9 6 18
5000
2 3 12 11
3460
19 1 20 12
3070
7 5 5 6
4720
6 14 11 17
1520
17 3 3 17
1750
10 4 12 7
2060
3 0 11 14
3220
16 10 7 10
3470
8 5 1 13
4350
20 8 11 20
4720
19 11 1 19
3810
1 8 4 19
4010
16 2 5 13
4990
9 11 12 18
3420
12 10 5 5
1400
7 5 10 2
3650
3 13 1 17
4460
3 20 6 7
3390
1 5 12 20
4550
14 11 4 11
3060
19 2 9 7
4970
6 17 10 18
4240
20 14 9 18
4660
5 13 0 20
4310
15 0 5 20
4160
10 14 19 11
4990
5 10 4 19
3290
15 12 4 14
3060
19 16 4 4
2370
3 19 14 2
4180
1 9 6 18
3330
10 6 19 17
3140
4 19 12 19
4590
10 5 13 12
1640
15 1 19 0
3800
14 17 16 16
4610
11 4 15 20
970
12 13 16 3
4130
17 1 13 15
3770
15 6 1 9
4370
2 15 7 15
3170
10 1 1 14
1600
19 11 5 3
4290
18 0 13 20
3910
20 3 9 12
3310
20 18 6 13
1590
15 7 18 16
3360
17 10 10 4
4530
18 2 16 20
3040
7 16 11 9
3010
8 19 8 10
4250
17 5 16 8
4730
5 10 1 19
4960
11 8 11 7
4140
5 12 19 9
1540
19 13 7 11
1770
2 7 7 15
4030
12 15 8 11
4300
14 16 1 14
4330
9 11 8 18
2090
4 10 5 5
4940
20 9 13 7
1980
1 11 7 9
4440
6 12 9 15
3830
8 7 19 19
4510
20 2 9 7
4640
1 12 16 18
4040
11 1 6 10
1190
13 2 12 18
3940
6 0 20 13
3190
10 13 20 11
3850
13 8 10 13
4170
19 0 20 17
4480
7 10 19 9
4050
10 5 9 17
1390
17 19 14 4
1430
10 9 10 4
1280
13 17 2 2
610
17 1 18 14
3370
14 9 7 15
3800
18 12 18 11
3230
6 9 10 14
4360
6 5 12 19
1600
14 13 16 7
4350
6 1 8 15
4320
6 11 7 18
4440
3 11 16 18
4500
11 10 10 10
3020
5 14 4 7
4990
10 7 6 17
3400
16 11 12 16
3400
11 12 8 11
4660
15 0 9 13
100
10 5 15 13
4950
7 10 5 16
1630
4 4 7 19
4960
14 1 5 10
3200
9 14 10 19
3940
11 18 10 12
3200
8 4 19 15
1410
4 19 0 20
160
19 20 0 12
3860
5 16 3 11
2320
11 19 6 10
3920
9 4 6 8
3500
3 3 12 13
3170
13 10 2 18
3990
5 2 15 8
1870
8 16 12 7
3530
14 3 9 7
4320
19 5 15 16
3260
16 17 9 7
560
1 13 11 8
4990
11 14 20 5
2940
16 0 13 12
3020
5 14 4 7
3810
0 13 13 13
3570
4 13 1 11
700
20 9 5 19
3330
10 6 19 17
1190
13 2 12 18
3420
14 14 8 16
4910
13 17 5 19
3630
12 16 19 6
3480
17 12 8 20
360
14 12 6 5
3350
9 19 15 12
4370
9 4 12 15
3580
15 9 13 16
4700
5 11 3 20
3260
5 20 3 14
4310
20 20 20 8
4180
8 0 1 16
340
3 2 9 8
340
5 5 15 15
3760
14 7 15 7
4460
2 15 19 15
3900
7 9 14 16
3960
13 18 0 9
3190
6 18 18 4
4940
11 4 14 17
3170
18 11 9 10
3060
16 4 2 13
3290
20 10 8 9
4320
1 14 4 16
2320
16 6 15 16
3650
4 7 16 8
1650
12 16 2 2
3140
17 2 13 18
3300
10 15 20 2
4320
1 14 4 16
4550
3 19 10 6
3540
8 8 6 13
3140
11 11 9 19
780
17 2 20 14
1410
14 6 7 18
3850
6 6 12 9
4170
20 1 7 18
1670
1 1 7 9
4830
16 2 15 12
3360
17 8 17 17
1810
18 17 2 16
1520
17 3 3 17
3900
4 4 12 7
1570
3 10 5 12
4460
6 8 20 19
3890
10 18 20 12
4350
4 15 8 8
3770
15 6 1 9
4600
19 2 3 12
3140
17 2 13 18
1430
10 9 10 4
3610
8 13 1 14
4790
7 9 20 16
3630
8 11 0 8
4070
20 11 4 10
3470
20 17 4 16
3300
6 0 1 14
3610
3 17 7 11
3630
8 11 0 8
810
4 17 3 15
3180
13 5 2 15
340
3 2 9 8
1610
7 9 15 5
3100
5 7 2 17
3710
16 19 12 18
2070
2 5 2 5
4040
0 1 8 19
4190
16 9 15 17
810
11 11 15 19
1490
6 8 2 14
3770
12 12 5 7
3070
13 4 3 10
3580
1 12 20 14
3470
8 5 1 13
4900
1 15 15 18
4790
6 8 3 10
4450
18 14 14 14
4060
9 14 17 18
3010
13 5 6 6
3680
9 1 1 18
3650
2 0 17 5
4740
6 15 17 16
4440
1 1 7 9
4100
8 11 18 13
1390
19 8 20 16
1900
1 18 14 13
1910
16 6 5 8
3060
7 6 19 17
4230
20 15 0 20
3100
4 11 17 9
470
8 2 8 9
400
7 3 19 19
3670
1 13 7 8
3100
4 11 17 9
3280
2 1 4 8
1590
15 7 18 16
2050
3 10 17 15
280
17 17 11 15
4150
14 13 16 16
4040
11 1 6 10
3680
2 9 2 19
820
12 7 8 9
4340
4 7 5 17
4130
16 16 14 9
690
18 7 5 19
3210
18 6 12 10
4130
0 14 20 3
310
15 12 10 5
3050
1 3 4 6
1220
3 14 7 8
3040
11 11 20 20
1390
19 8 20 16
4810
20 14 19 5
3220
16 10 7 10
1600
14 13 16 7
4690
16 8 1 10
3910
1 20 7 7
3920
7 9 5 13
4300
14 16 1 14
3230
8 19 19 14
4450
1 5 10 12
4130
0 15 7 14
4170
17 5 0 12
2430
8 20 19 9
3550
20 11 20 3
4270
1 3 12 10
4010
1 13 10 13
3170
18 11 9 10
2490
15 11 6 18
3460
8 2 14 10
2120
19 0 5 3
4700
0 3 18 11
4870
9 7 11 14
3900
8 2 13 14
3650
1 15 13 4
3570
4 13 1 11
3570
10 8 0 10
3150
1 15 1 8
3180
0 3 6 13
4950
7 10 5 16
3510
3 20 9 9
770
20 8 2 8
4640
1 12 16 18
2580
9 0 7 19
3940
19 3 11 10
3390
1 5 12 20
4650
10 6 6 13
4380
13 4 17 12
4160
2 12 14 19
2880
15 3 11 7
510
18 16 4 16
2710
15 16 5 4
4650
3 5 0 11
1990
6 16 4 9
3660
18 1 18 9
4790
16 17 18 4
4680
10 0 3 10
4420
4 18 8 14
100
10 5 15 13
4710
7 20 17 18
3530
20 10 15 18
1190
12 9 19 9
3930
16 6 8 17
3310
20 18 6 13
3500
1 16 14 17
2370
6 5 18 5
4230
8 14 9 16
4290
2 19 4 12
2370
6 5 18 5
280
6 3 19 16
3640
8 15 7 20
1860
1 2 16 5
3980
19 7 8 20
3800
18 12 18 11
1500
10 0 6 6
3790
6 18 5 15
530
3 14 6 6
4710
6 20 12 16
4910
13 17 5 19
4480
18 19 6 7
4720
19 11 1 19
3140
11 11 9 19
4660
20 2 10 19
3420
20 16 2 11
3830
10 8 4 18
4960
14 1 5 10
1320
12 13 11 1
3450
15 5 3 16
1980
11 16 16 13
1010
4 14 13 10
210
14 19 2 13
3650
1 15 13 4
4960
14 1 5 10
3470
11 10 10 15
4520
15 14 0 18
4450
6 20 19 3
1640
18 9 17 14
2320
11 19 6 10
4970
3 3 4 12
3680
3 9 14 5
2790
4 11 8 15
230
11 6 12 20
3410
17 1 7 6
280
17 17 11 15
3770
13 7 10 10
3440
8 3 8 16
4110
7 17 3 15
270
4 7 10 17
3470
20 17 4 16
1560
2 17 6 8
80
1 13 8 11
4810
20 14 19 5
3060
18 16 19 18
3590
0 0 1 9
3760
4 12 0 14
4180
1 9 6 18
4450
18 14 14 14
3850
0 5 14 7
1580
1 17 12 12
3250
13 12 11 3
3240
11 14 13 19
2580
9 0 7 19
4330
1 18 5 15
900
12 7 19 20
2790
4 11 8 15
3070
13 4 3 10
3930
11 13 6 7
1240
8 3 11 3
2070
11 19 10 17
1510
17 18 20 20
2440
8 16 12 15
4090
18 15 10 14
4710
6 20 12 16
4090
12 11 13 11
4600
18 13 13 10
3500
3 20 10 9
1760
18 10 14 10
1700
5 0 1 16
2220
8 17 1 4
3110
17 13 9 4
1340
11 6 10 1
1430
10 9 10 4
3340
11 0 13 8
1990
6 16 4 9
610
5 1 6 0
1120
15 8 16 0
4620
16 20 12 14
4560
2 12 11 8
4280
6 15 0 11
2220
20 11 7 20
3770
15 6 1 9
3840
6 9 12 19
3070
15 8 8 4
2690
12 14 18 11
3170
18 12 11 18
2670
4 4 6 18
340
3 2 9 8
1200
7 13 8 8
4460
17 14 0 17
4750
20 18 8 16
4780
6 10 10 8
4040
15 16 19 4
620
13 9 16 5
4460
6 8 20 19
3200
8 4 19 15
2490
15 11 6 18
3440
7 11 9 19
280
6 3 19 16
280
6 3 19 16
3120
8 15 18 20
1120
13 14 10 18
2070
2 5 2 5
4670
8 11 5 13
4990
13 19 7 11
4900
1 15 15 18
4650
15 15 1 15
2910
11 8 1 6
1700
17 11 11 17
2780
3 20 18 12
3410
17 1 7 6
1400
7 5 10 2
3650
6 9 18 5
3100
6 14 2 9
2070
11 19 10 17
4980
16 2 8 15
4100
0 10 5 15
4790
2 16 8 18
4340
16 9 16 10
3550
20 11 20 3
3930
19 19 1 17
3930
20 2 11 8
3700
8 9 16 13
3340
4 2 8 13
3950
6 10 9 8
3080
17 16 18 16
500
11 10 3 10
3880
17 16 17 6
4110
4 6 1 8
3350
14 8 15 19
3860
15 7 13 6
4220
12 12 1 16
4370
9 4 12 15
4000
12 1 9 15
4100
14 15 7 18
700
20 9 5 19
3780
1 20 17 5
1620
1 10 7 13
4170
6 16 5 17
3230
15 16 12 18
2390
6 0 18 17
2700
12 6 12 10
1640
15 13 12 20
4790
7 9 20 16
2390
6 0 18 17
3830
10 12 16 11
3380
15 4 17 16
3800
4 4 10 18
560
1 13 11 8
5000
5 10 16 10
4450
11 19 10 18
2940
2 19 17 5
3900
7 9 14 16
1490
14 3 15 14
3320
14 17 7 17
4730
18 14 20 16
4220
12 12 1 16
4030
4 17 4 15
3310
16 17 11 10
4550
3 19 10 6
3180
13 5 2 15
4980
16 2 8 15
3780
1 20 17 5
1020
18 3 0 17
4700
16 12 18 16
1520
15 4 6 10
3590
9 6 19 11
3560
2 2 10 15
820
12 7 8 9
4310
16 12 10 10
3710
6 0 4 10
3760
4 12 0 14
4230
8 14 9 16
3340
4 2 8 13
3680
9 1 1 18
3060
17 3 18 2
2430
8 20 19 9
4350
20 8 11 20
620
18 5 8 2
3150
8 1 4 16
3640
8 15 7 20
4580
4 3 6 14
3770
8 7 13 9
4890
4 20 2 16
3170
13 10 2 18
4810
4 2 17 15
3770
12 12 5 7
4390
6 0 6 9
310
15 12 10 5
2450
13 7 16 16
4810
4 2 17 15
250
11 14 16 15
3140
2 14 15 16
1390
8 3 8 20
2050
0 10 6 19
1050
13 3 17 11
4450
18 3 11 12
3860
14 14 14 20
4490
19 20 19 12
4450
11 19 10 18
3610
10 3 12 19
1700
5 0 1 16
4210
14 0 11 17
3320
14 17 7 17
2060
7 8 19 0
3980
1 15 15 16
3340
4 13 15 17
4750
4 16 6 11
4020
19 5 11 14
4720
1 6 13 11
3930
11 4 14 7
3470
15 8 16 11
1240
8 3 11 3
2360
8 20 15 2
3320
18 2 8 17
360
14 12 6 5
3460
19 1 20 12
3860
15 7 13 6
4720
1 6 13 11
4930
2 0 3 18
3330
16 16 8 19
1640
15 1 19 0
4820
16 6 6 15
3150
8 1 4 16
3990
3 10 20 5
4520
2 0 11 12
1220
3 14 7 8
4340
12 16 13 18
1550
3 10 13 9
4960
0 4 8 16
4850
0 11 13 9
4460
6 8 7 11
3930
20 2 11 8
3020
20 7 20 10
500
11 10 3 10
2670
4 4 6 18
3910
8 17 8 15
2370
6 5 18 5
3420
20 9 20 18
3100
19 5 10 11
3810
14 9 17 7
2920
3 13 17 11
3990
12 11 17 5
4970
6 17 10 18
3060
16 4 2 13
1650
12 16 2 2
4870
9 7 11 14
4620
15 15 5 20
3360
0 5 3 12
3440
7 11 9 19
4050
17 16 18 17
3570
10 8 0 10
4500
11 10 10 10
4230
10 17 13 9
4560
2 12 11 8
3610
10 3 12 19
4710
6 20 12 16
3440
9 14 19 5
2320
20 14 10 11
4460
4 12 1 17
2280
20 11 6 7
3730
15 5 8 18
4530
0 19 10 13
4040
15 16 19 4
3900
9 10 9 16
3610
8 13 1 14
620
7 3 3 19
3760
10 9 9 6
3940
19 3 11 10
3760
17 9 1 7
3500
19 3 19 15
3380
18 1 6 12
4880
15 17 10 13
4490
12 3 20 17
4290
2 20 12 8
4690
16 8 1 10
1410
4 19 0 20
3910
1 20 7 7
4540
18 0 13 20
4560
16 8 4 14
1530
2 0 1 4
4440
14 3 9 9
4120
16 8 0 12
4860
20 18 8 20
10
1 0 0 0
4990
13 19 7 11
3790
11 20 15 5
3360
17 10 10 4
3770
20 13 8 12
1220
3 14 7 8
3350
20 4 10 19
1480
1 16 17 0
5000
20 20 20 20
4010
8 18 12 16
4290
18 0 13 20
3930
11 13 6 7
3380
8 5 16 7
3870
5 16 14 10
460
3 15 13 11
4720
12 17 18 9
4520
17 13 13 20
270
4 7 10 17
4710
7 20 17 18
3560
19 13 6 6
3790
20 19 9 20
4300
14 16 1 14
4960
0 4 8 16
4500
20 11 10 12
1620
1 10 7 13
4250
17 5 16 8
3490
0 6 7 11
2610
9 14 16 7
3030
2 0 18 7
4560
16 8 4 14
3390
1 5 12 20
4720
12 17 18 9
3100
8 4 7 15
3580
1 12 20 14
3480
8 6 16 19
2320
19 0 11 8
2660
15 12 18 5
3900
9 13 10 14
4010
8 18 12 16
3620
3 16 2 16
5000
20 20 20 20
3840
6 9 12 19
3650
4 11 10 12
5000
1 0 0 10
2910
11 8 1 6
3140
4 19 12 19
2430
8 20 19 9
5000
0 2 0 10
5000
0 0 5 10
4610
11 4 15 20
10
20 20 20 20
10
0 0 0 1
2590
14 7 9 5
3170
18 11 9 10
10
1 0 0 0
10
2 0 0 0
2180
20 13 8 17
2780
3 20 18 12
1530
2 0 1 4
4320
1 14 4 16
0
